200
68.2762 18.5107
9.46056 3.56625
37.885 33.9873
24.3832 8.1046
14.0446 46.8915
5.70399 66.9267
36.8168 80.3432
27.6095 32.6211
63.313 0.871424
46.0225 99.5984
49.5092 1.13241
32.4786 67.8719
22.2873 82.6817
31.9051 29.576
84.1995 40.9555
39.4993 65.534
30.4731 62.1914
50.3864 44.7223
47.9128 71.1302
85.2893 57.9255
54.4733 33.5714
33.8741 21.504
18.0626 78.3826
75.6311 31.178
9.13635 54.6687
17.5644 5.31323
99.4501 57.0485
14.3576 7.76128
43.8182 53.2955
38.1955 51.7971
54.7409 29.5513
68.2624 86.282
41.2881 29.0829
95.9805 44.8585
36.0309 72.0255
32.8468 56.3597
37.2799 63.1822
2.575 78.0141
83.2027 86.9091
81.3562 53.6575
20.8223 60.3598
66.5322 6.80672
0.493814 99.539
52.3538 11.0064
85.0593 92.1585
8.39879 58.4394
91.4666 79.6592
32.9208 99.4916
54.857 81.3938
85.0146 39.9607
19.5039 1.99954
6.23238 47.5345
12.2514 8.49597
91.7135 28.3213
96.5007 86.8417
48.393 40.9089
56.4891 12.3672
55.8798 71.3877
13.648 81.7363
42.2632 17.5964
42.2671 83.4803
53.6753 20.2036
62.2158 61.3616
4.43817 92.3498
23.3977 45.3534
55.1343 42.5422
6.03766 75.0188
40.9785 25.7549
63.146 95.5
68.0172 65.1312
59.3411 45.5613
49.3883 68.7362
49.8882 70.8539
41.7237 49.6973
62.3321 15.4831
24.9942 78.2984
60.5319 60.0896
26.3012 44.6104
67.6636 22.6026
82.4165 73.5215
76.4144 96.2683
81.2338 96.0541
81.3238 9.72009
65.6237 37.104
7.17345 64.1462
5.6685 70.4853
47.2127 3.22294
67.9757 67.6717
58.8902 68.3054
9.04171 63.9467
51.6639 14.6086
26.2964 63.6169
9.40169 14.2443
3.93122 71.935
11.5869 40.944
46.0518 93.4094
31.4823 23.4206
29.4724 42.9302
27.316 0.37748
44.3077 79.7394
80.2232 11.3364
31.0281 88.8193
85.4446 66.8238
7.84507 52.0302
71.1304 88.3471
49.7394 69.4727
28.1779 86.0337
68.8581 98.3942
10.8274 76.7368
15.6925 43.398
90.6453 75.7252
12.6368 86.9109
10.914 32.4219
15.4426 44.313
68.5577 49.9657
73.8959 67.9152
51.0898 65.6665
57.3554 71.9709
15.2215 26.9293
0.0237031 98.3794
62.7996 73.2314
0.745194 24.4722
4.29431 74.4635
7.59097 81.5092
24.7278 99.4488
36.0543 64.2409
96.4845 14.8394
5.18119 80.1782
54.6142 0.137856
16.9426 54.569
41.9591 6.87003
64.5419 56.294
34.0224 15.2623
13.8027 82.4623
43.8765 32.9778
57.0557 34.7741
48.1696 87.3055
44.2253 94.9103
57.838 83.2059
42.085 22.7626
71.1789 4.25236
69.3835 28.7958
71.351 96.7477
39.2002 37.2702
0.652733 70.4824
97.8486 41.778
62.9665 77.8296
82.817 5.13356
79.8294 92.6315
57.5137 32.6367
25.2928 96.7917
78.5776 54.1144
0.0143354 40.9356
3.96177 85.4043
90.1763 92.6805
80.447 73.2146
18.1953 7.78332
14.2708 49.8057
84.9557 51.2766
5.8798 21.781
73.4218 0.903756
89.4323 89.1501
44.9662 47.4723
66.6273 4.84801
80.5338 32.341
55.1109 48.3585
60.6463 81.8006
22.569 17.7987
42.8715 41.6553
99.8009 54.4252
23.4748 41.5763
72.4511 85.0174
87.5122 16.7971
8.81613 72.7039
34.7156 64.4756
42.1752 37.9602
97.4239 3.59783
68.7641 18.3864
20.1588 9.71825
34.5694 8.31444
40.8155 86.2878
38.5472 62.3299
78.88 35.9129
87.767 99.7299
60.997 76.0827
21.6449 85.2693
21.2422 17.2114
72.6553 17.9838
54.4411 90.9301
61.3332 26.4896
11.1657 61.9766
40.447 92.7128
23.9923 38.3701
85.6244 88.7705
65.2927 74.7758
57.0742 45.2955
80.9134 10.7505
84.4546 27.6521
48.2025 39.5122
82.2509 90.7495
