6014
59808 -25552
59808 -25552
59808 -25552
61943 -30590
60325 -25506
59796 -25583
62275 -29962
61892 -18494
60226 -25046
61820 -29134
59808 -25552
59808 -25552
59808 -25552
59808 -25552
60385 -25546
60405 -25480
60289 -23814
60304 -23785
61437 -17185
61878 -22947
109646 -19771
109181 -18919
109181 -18924
109179 -18929
59817 -25636
59868 -25440
59613 -25156
59608 -25134
59993 -24716
60081 -24025
60065 -23937
60101 -23889
60130 -23839
60139 -23836
60146 -23843
60222 -23748
60278 -23730
60284 -23779
60307 -23864
60296 -23785
60276 -23733
60352 -23567
60354 -23660
60397 -23617
60320 -23441
60309 -23479
60240 -23515
60206 -23539
60146 -23601
60110 -23539
60105 -23408
60112 -23364
60114 -23401
59953 -23486
59902 -23414
59958 -23716
59969 -23750
59882 -24081
59929 -24125
59922 -24275
60251 -23941
60311 -23914
60755 -22688
60748 -22396
61684 -22439
61867 -22878
61898 -22939
61937 -23130
61925 -23183
61887 -23241
61536 -23095
61451 -23133
60967 -23641
61084 -24023
60365 -25395
59808 -25552
59808 -25552
59808 -25552
59808 -25552
59808 -25552
61417 -17173
61457 -17176
61997 -28963
61997 -28963
109696 -19752
92819 -21820
85896 -14508
61805 -22755
61860 -23004
61863 -23001
61401 -17229
60302 -23852
60284 -23840
60282 -23842
59806 -25574
60408 -25498
59808 -25552
59808 -25552
59808 -25552
59808 -25552
61477 -25657
61688 -22346
61842 -23220
61498 -25412
59808 -25552
59808 -25552
59817 -25397
59765 -25636
59765 -25636
59765 -25636
60040 -23686
60088 -24691
59797 -25566
59765 -25636
59765 -25636
59808 -25552
59808 -25552
59808 -25552
61480 -25671
61480 -25671
61480 -25671
59765 -25636
59808 -25552
59808 -25552
59808 -25552
59808 -25552
59808 -25552
59808 -25552
59808 -25552
59808 -25552
59808 -25552
59808 -25552
59808 -25552
59808 -25552
59808 -25552
59808 -25552
59808 -25552
59808 -25552
59808 -25552
59808 -25552
59808 -25552
59808 -25552
59808 -25552
59808 -25552
59808 -25552
59808 -25552
59763 -25678
59911 -24062
61486 -25643
59808 -25552
59794 -25619
59808 -25552
59808 -25552
59808 -25552
60365 -25394
60361 -25373
60365 -25356
59765 -25636
59808 -25552
59808 -25552
59808 -25552
60141 -23751
59808 -25552
59808 -25552
59808 -25552
59808 -25552
59808 -25585
59808 -25584
59808 -25584
59857 -25497
59808 -25585
0 -100000
0 -100000
0 -100000
0 -100000
0 -100000
0 -100000
61551 -25337
61551 -25337
61551 -25337
61551 -25337
61551 -25337
61551 -25337
61551 -25337
61551 -25337
61551 -25337
61551 -25337
61551 -25337
61551 -25337
61551 -25337
61551 -25337
61551 -25337
61670 -29439
60616 -24058
60428 -24458
60528 -24898
60585 -24986
60672 -25090
61397 -26081
61417 -26061
61440 -25964
61480 -25782
61487 -25728
61487 -25729
61484 -25735
61482 -25725
61495 -25698
61495 -25698
61495 -25698
61495 -25698
61495 -25698
61449 -25703
59808 -25553
61540 -25807
61500 -25706
61410 -25660
59805 -25581
59830 -25666
59801 -25669
59801 -25648
59830 -25665
61681 -16242
61496 -25638
61475 -25596
61491 -25634
61498 -25677
59770 -25561
59911 -25538
59805 -25496
59803 -25506
59821 -25512
59763 -25650
59785 -25590
59855 -25505
61540 -25815
59808 -25553
59808 -25552
59808 -25552
59808 -25552
60018 -23560
59808 -25552
60003 -24186
60003 -24156
60043 -24396
59808 -25552
61551 -25477
59808 -25552
59794 -25639
61493 -25690
59985 -26397
59951 -26401
59900 -26331
61213 -22684
61198 -22832
61496 -25569
61496 -25569
61496 -25569
61496 -25569
61504 -25628
61502 -25638
61502 -25638
61507 -25607
61377 -25363
61500 -25610
61496 -25590
61529 -25504
61529 -25504
61529 -25504
61529 -25504
61529 -25504
61529 -25504
61529 -25504
61529 -25504
61529 -25504
61529 -25504
61569 -25467
42974 -3470
61415 -17933
59797 -25568
59797 -25568
59790 -25555
59821 -25560
59808 -25552
59808 -25552
60293 -23849
60302 -23863
60285 -23868
60285 -23868
60285 -23868
61048 -25608
61276 -25862
61348 -25985
61417 -26045
61504 -25828
61500 -25837
61504 -25781
59808 -25552
116454 -19220
116454 -19220
59808 -25552
59808 -25552
59808 -25552
59808 -25552
59808 -25552
59808 -25552
59808 -25552
59808 -25552
59843 -25613
59765 -25469
61473 -25705
59774 -25610
60372 -25489
61480 -25630
59888 -24017
59772 -25576
60354 -25466
60372 -25469
59783 -25627
59797 -25574
61464 -25704
59850 -25591
59859 -25591
61838 -23070
61840 -29267
61836 -29257
60331 -26111
61838 -29304
59803 -25543
59808 -25581
61478 -25750
59844 -25604
59707 -25734
59790 -25594
60249 -23723
60258 -23632
61493 -25757
59819 -25697
59846 -25635
59844 -25623
59821 -25649
59794 -25657
59794 -25609
61498 -25630
60191 -23367
60036 -23413
60222 -23787
59801 -25593
60372 -25470
61458 -25714
61840 -29272
61811 -29238
59913 -25447
61482 -25735
61101 -24079
61487 -25770
61827 -29248
60338 -23881
60340 -23786
60336 -23880
60338 -25399
60367 -25458
59655 -22841
59667 -22915
59794 -25528
60262 -23727
61424 -17220
61502 -25685
61417 -17258
61513 -25759
61424 -17224
61489 -25722
61542 -17307
61437 -17235
59819 -25540
61473 -17267
59808 -25561
59794 -25581
61556 -17323
61511 -25628
61467 -17209
61439 -17267
61498 -25671
61469 -25359
61435 -25347
61171 -22831
61202 -22778
59861 -25629
60538 -25075
61493 -25754
61426 -17210
61404 -17223
60293 -23695
59852 -25691
60280 -24077
60262 -23836
61496 -25863
60184 -24014
61413 -17275
61417 -17240
61525 -25705
61482 -24686
61498 -24746
61408 -17304
61475 -25745
59852 -25656
61486 -25740
61193 -22790
61180 -22840
59973 -26439
61504 -25667
61233 -24596
61415 -24708
61504 -25691
60331 -23930
61480 -25739
59884 -25641
59844 -25640
61509 -25657
61511 -25622
59814 -25559
61491 -25625
59801 -25528
61627 -22229
61641 -22259
61699 -22230
61840 -23022
61838 -23027
61473 -22995
60146 -23793
60108 -23613
60083 -23385
61516 -25656
61491 -25630
61713 -22103
61368 -23044
59788 -25628
59803 -25544
60340 -25384
60351 -25343
61751 -22184
61764 -22299
61757 -22299
61737 -22188
61856 -21911
61880 -21963
61748 -22225
61737 -22203
61366 -23038
61363 -23048
59808 -25563
61496 -25707
60284 -23708
60280 -23740
59808 -25482
59853 -25686
59826 -25664
59819 -25623
59825 -25628
61930 -13089
60956 -23699
60943 -23751
61460 -25432
61491 -25639
61466 -25648
61518 -25638
60249 -23768
59823 -25685
60343 -25469
61446 -26031
61491 -25850
61529 -25675
61529 -25675
61484 -25716
61466 -25581
61484 -25705
61493 -25707
60284 -23705
60284 -23693
59837 -25640
59826 -25647
59835 -25682
59835 -25682
59866 -25665
60349 -25392
60365 -25390
59843 -25655
59788 -25664
59794 -25693
59814 -25630
59794 -25679
59814 -25673
59814 -25673
59864 -25719
61529 -25721
61496 -25646
61478 -25600
61453 -25609
61491 -25656
61505 -25623
61513 -25589
60604 -24699
60298 -23720
60217 -23826
59841 -25773
59814 -25602
59839 -25650
59852 -25669
59814 -25729
59873 -25679
59873 -25679
59848 -25666
59850 -25656
59841 -25675
60340 -25420
59835 -25630
59848 -25739
59859 -25636
59828 -25726
59942 -25434
59834 -25516
59801 -25626
59801 -25557
61744 -22428
61677 -22297
61851 -22844
61500 -25694
61480 -25737
61480 -25734
61473 -25585
61516 -25663
61502 -25596
61505 -25572
61489 -25616
61511 -25584
61493 -25688
61511 -25756
61507 -25681
61484 -25622
61498 -25656
61486 -25654
61502 -25697
61742 -22303
61690 -22282
59879 -24082
59879 -24061
60177 -23802
60152 -23835
59852 -25639
59805 -25564
60085 -25843
60942 -25415
61471 -25726
61500 -25647
61511 -25630
59801 -25550
59823 -25639
59756 -25611
59797 -25647
59812 -25660
59783 -25619
59830 -25643
59803 -25643
60341 -25309
60253 -25179
59967 -25402
59841 -25544
61473 -25679
61428 -25545
61484 -25634
61473 -25617
61487 -25631
61496 -25634
61478 -25610
61478 -25610
61471 -25646
61480 -25619
61489 -25693
61453 -25590
61500 -25531
61500 -25543
61525 -25700
61525 -25700
61498 -25632
61482 -25448
61518 -25647
61516 -25647
61511 -25688
61511 -25688
61502 -25627
61516 -25622
61489 -25623
61502 -25622
59928 -25691
59971 -25853
61496 -25700
61086 -24039
61102 -24031
63244 -38437
61699 -44172
89829 -231919
89220 -232672
89267 -233154
89600 -233307
89395 -232864
87904 -231796
87904 -231792
61455 -25695
61473 -25733
61466 -25716
61464 -25721
61464 -25728
61458 -25711
61466 -25741
61439 -25700
61466 -25732
61448 -25785
59785 -25572
61509 -25730
59837 -25728
61480 -25741
59772 -25667
61484 -25763
59870 -25597
60119 -25623
60141 -25697
60374 -25340
60358 -25358
59993 -25324
61410 -25793
61464 -25710
61480 -25712
61482 -25701
61471 -25716
61464 -25714
59859 -25516
59855 -25534
59801 -25619
59801 -25619
59841 -25559
59826 -25537
59788 -25648
59781 -25659
59808 -25552
59808 -25552
59808 -25552
59808 -25552
62512 -29016
31376 -210210
22469 -211243
61480 -25671
61480 -25671
61480 -25671
61480 -25671
59797 -25566
59797 -25566
61480 -25671
61480 -25671
59801 -25572
59799 -25531
61462 -25686
61462 -25686
59769 -25563
61202 -25752
61462 -25686
61462 -25686
59808 -25552
59808 -25552
61486 -25799
60237 -23753
59808 -25552
59808 -25552
60038 -23632
59949 -23839
60005 -23958
59792 -25559
59808 -25552
59808 -25552
59792 -25581
59763 -25531
59808 -25552
59808 -25552
59808 -25552
59808 -25552
61301 -25881
61008 -25519
60219 -25181
59808 -25552
59808 -25552
59808 -25552
60088 -24691
60094 -25228
60302 -23269
60302 -23269
60159 -23675
60159 -23675
60040 -23686
60040 -23686
60302 -23269
59913 -23554
60302 -23269
60302 -23269
60040 -23686
60040 -23686
59734 -22663
59734 -22663
59817 -25397
59817 -25397
59817 -25397
59817 -25397
59817 -25397
61171 -26724
61498 -25412
61498 -25412
61498 -25403
61838 -26858
61498 -25403
59808 -25552
61849 -24660
61822 -23046
61854 -22992
61690 -22337
61928 -23044
61612 -24585
61491 -25666
59808 -25552
61482 -25656
61482 -25656
60732 -25187
59805 -25534
59808 -25552
59808 -25552
59579 -24365
59931 -24018
59808 -25552
59808 -25552
59808 -25552
59808 -25552
59808 -25552
59808 -25552
59808 -25552
59808 -25552
59808 -25552
59808 -25552
59808 -25552
59808 -25552
59808 -25552
59808 -25552
59808 -25552
59808 -25552
59808 -25552
59808 -25552
59808 -25552
59808 -25552
59808 -25552
59808 -25552
59808 -25552
59808 -25552
59808 -25552
59808 -25552
59808 -25552
59808 -25552
59808 -25552
59808 -25552
59808 -25552
59808 -25552
61496 -25650
61496 -25650
61496 -25650
61496 -25650
61496 -25650
61496 -25650
59808 -25552
59808 -25552
59808 -25552
59808 -25552
61477 -25713
59808 -25552
59808 -25552
59808 -25552
60323 -24943
59910 -25487
59808 -25552
59808 -25552
59770 -25544
61323 -25916
61487 -25761
61480 -25666
61487 -25657
61491 -25729
61379 -24559
60764 -22512
60772 -22444
59808 -25552
61196 -23573
61695 -27218
59808 -25552
59808 -25552
61809 -29182
61813 -29191
61845 -29220
61587 -26754
61551 -25639
61478 -25668
61496 -25687
59808 -25552
61477 -25656
61478 -25750
59808 -25552
59808 -25552
61480 -25682
61482 -25676
59808 -25552
59808 -25552
59808 -25552
59808 -25552
59808 -25552
59808 -25552
59808 -25552
59808 -25552
60284 -25131
61507 -25112
59808 -25552
59808 -25552
59808 -25552
59946 -22293
61522 -25133
59857 -25639
59808 -25552
59808 -25553
59808 -25553
59808 -25553
59808 -25553
59808 -25553
59857 -25507
59891 -25466
59931 -25601
59875 -25488
61522 -25134
0 -100000
0 -100000
59908 -25506
59855 -25639
59908 -25506
59908 -25506
59808 -25552
59808 -25552
59808 -25552
59830 -25532
59839 -25590
59886 -25908
61509 -25101
59853 -25512
59846 -25673
59835 -25715
59741 -22504
61504 -25102
59926 -25837
59855 -25637
59850 -25635
61533 -25122
61842 -22811
61585 -22088
59852 -25678
59846 -25677
59857 -25687
59846 -25569
61511 -25141
61504 -25111
-91978 -169079
-95264 -180631
-95336 -180970
52402 -95598
54527 -87050
62243 -70088
59826 -25653
61518 -25159
61471 -24821
59799 -25687
61525 -25122
61522 -25066
61496 -25115
61780 -22529
61930 -23036
61560 -25152
61525 -25104
60305 -23723
60097 -23789
60034 -23939
60018 -23943
61525 -25140
59884 -25655
61502 -25138
60257 -25158
59841 -25718
61518 -25128
60282 -23477
60260 -23552
59839 -25628
59817 -25669
61467 -25230
61516 -25139
61489 -25148
61509 -25159
61683 -22321
61697 -22313
61522 -25133
61529 -25078
59852 -25659
59792 -25707
61487 -25188
61500 -24509
61148 -24108
61104 -24040
61551 -25026
61505 -25099
61124 -24174
61122 -24061
61524 -25147
61504 -25075
60231 -23633
60276 -23534
61514 -25116
61527 -25133
61504 -25103
59937 -25458
59848 -25694
59886 -25677
60381 -25428
59843 -25635
59859 -25609
60351 -25043
60370 -25043
61520 -25144
61520 -25141
61529 -25131
61507 -25151
59853 -25472
59857 -25403
59839 -25643
59839 -25643
58975 -18385
3390 -10226
-11388 -16167
59089 -18681
61607 -24900
61482 -25147
60405 -24970
60347 -24994
61428 -25399
61505 -25147
61527 -25197
59864 -25687
59850 -25687
61527 -25130
61516 -25112
60329 -23480
60307 -23444
60300 -23517
59830 -25681
59837 -25702
59843 -25654
61612 -25326
61525 -25152
60018 -24771
60002 -24827
60195 -24896
60345 -24983
60459 -25231
60732 -25262
61525 -25195
61538 -25118
59846 -25662
59872 -25637
61428 -25374
61529 -25103
60314 -23433
60206 -23432
59877 -25704
59864 -25722
61496 -25157
61493 -25215
60110 -23847
60155 -23668
60155 -23668
60148 -23860
59794 -24052
59835 -24134
59801 -24127
59882 -24070
61516 -25106
61516 -25132
59834 -25655
59857 -25686
61502 -25156
61420 -24223
61171 -24068
61099 -23937
61099 -23937
61102 -24084
61498 -25080
59857 -25674
59837 -25637
61513 -25147
59812 -25632
59904 -25462
61477 -25215
61500 -25103
61160 -24017
61110 -24185
61516 -25114
61516 -25106
59796 -25527
61522 -25112
61524 -25151
61529 -25121
59848 -25706
59859 -25654
61534 -25139
60262 -23532
59837 -25685
59857 -25648
61504 -25169
61484 -25102
59810 -25673
59852 -25649
61534 -25110
61493 -25104
60090 -24074
60079 -23552
60085 -22559
59996 -22507
61534 -25095
59875 -25601
61498 -25133
61536 -25141
60237 -23731
60275 -23667
60267 -23539
60235 -23492
59837 -25695
59864 -25685
61513 -25222
59022 -18842
4954 -10002
4442 -10153
58861 -19038
61516 -25075
60490 -23977
60430 -23958
59884 -24049
59875 -24076
60448 -24097
60439 -24045
60260 -23532
60257 -23545
61509 -25061
61509 -25124
59837 -25703
59864 -25678
61509 -25137
61502 -25120
59962 -23721
59946 -23670
61516 -25138
61543 -25093
59839 -25709
59873 -25649
61493 -25183
61540 -25140
60266 -23547
60251 -23547
59852 -25685
59877 -25616
61509 -25124
61556 -25241
61507 -25147
59823 -25713
61513 -25112
61511 -25108
61144 -24119
61106 -24035
61543 -25161
61574 -25159
60952 -23695
60940 -23772
61554 -25106
61516 -25133
59816 -25704
59850 -25666
61504 -25072
60264 -23759
59848 -25725
59864 -25679
59864 -25675
59868 -25650
61475 -25283
61514 -25091
60280 -23423
60275 -23517
59866 -25687
59859 -25525
61520 -25257
61520 -25128
59852 -25523
61520 -25131
61133 -23993
61106 -24073
61507 -25116
61531 -25150
1357 -11148
5445 -9774
58473 -20317
61529 -25188
61502 -25085
61498 -25133
60369 -24117
60383 -24017
60229 -23811
60273 -23726
60305 -23648
60251 -23500
59841 -25688
61525 -25167
62664 -30407
62677 -30434
61514 -25137
61516 -25106
61726 -22015
61677 -21931
61518 -25147
61505 -25112
59837 -25702
59864 -25723
61560 -25009
61511 -25121
60284 -23472
60267 -23536
59864 -25763
59808 -25552
59808 -25552
59808 -25552
63622 -23791
61753 -25309
-7207 -219313
-5886 -219472
221213 -227864
59808 -25552
59613 -25479
73250 -3178
104355 12461
104373 12562
129954 6807
80747 14307
104375 12546
132370 3115
71217 -15403
70338 -16914
68554 -19950
67186 -20964
64419 -21630
61968 -22578
61433 -23123
60918 -23631
60419 -24089
60114 -24352
60040 -23477
59763 -22673
59284 -23167
60116 -25649
60114 -25648
60128 -25643
60121 -25637
59684 -25411
59588 -24916
59805 -24614
59942 -24486
60126 -24334
71746 -9472
72236 -6092
72968 -3992
73839 -1592
78182 7428
79836 10651
80333 12258
80675 13930
81510 13995
92658 10880
93442 11295
95434 8767
102920 9788
104424 12574
107509 13108
129180 7400
132338 3194
140919 -21610
115144 -268173
116250 -269746
117123 -270835
60038 -25457
60043 -25478
60036 -25457
60128 -25366
60123 -25384
124651 13504
124651 13504
124651 13504
124651 13504
59808 -25552
132124 2362
132132 2321
131996 2368
131998 2381
131931 2308
132332 3331
132117 6133
132656 8014
131025 3707
131278 3376
131313 3337
131537 2892
131604 2687
131644 2565
131701 2413
132110 2199
132124 2417
167470 3818
167463 3729
167463 3723
167450 3735
132580 2812
132395 3078
132395 3075
129946 6913
129952 6891
129923 6862
59626 -25478
92501 10755
94845 10077
99432 7162
131484 3915
131481 3835
131414 3868
131459 3334
28882 -247577
132070 2346
132119 2374
132363 3331
132507 3548
132515 3560
132515 3562
132511 3562
132345 3264
132345 3266
132325 3196
132345 3136
132345 3265
132323 3252
132282 3217
132207 3170
132179 2975
132193 2705
132155 2511
103392 13835
92148 24363
90677 22385
131311 3184
131311 3189
131336 3145
131362 2974
130859 1107
130863 1113
130875 1120
132016 1978
132005 2055
132132 2224
132173 2252
132186 2328
132356 3065
132395 3106
118820 14611
113244 12839
105799 11175
105387 11017
105060 11079
104350 10412
104111 10416
103746 9976
94196 11128
132357 3145
132345 3269
132442 3224
132464 3224
132450 3190
132433 3158
132415 3142
132388 3108
131958 2365
131983 2347
131985 2368
132007 2384
132010 2384
132041 2488
132050 2517
132083 2537
132106 2552
142613 43648
142616 43653
142600 43637
142602 43620
142305 43298
142289 43194
142226 43112
142132 43295
142134 43259
142477 43898
142573 43759
142580 43667
59850 -25702
61713 -22391
59879 -25478
60007 -24774
59978 -24794
59937 -24428
59904 -24277
59911 -24228
59911 -24221
59897 -24200
59859 -24063
59879 -24011
59908 -24046
59913 -24065
59915 -24052
59955 -24007
59949 -23999
59947 -24003
59975 -23821
59980 -23809
59976 -23791
60005 -23783
59994 -23789
60014 -23781
60032 -23883
60014 -23908
60043 -23892
60050 -23888
60060 -23888
60074 -23816
60085 -23742
60090 -23762
60094 -23795
60112 -23804
60134 -23810
60141 -23797
60121 -23741
60123 -23694
60117 -23665
60081 -23558
60079 -23567
60092 -23532
60074 -23520
60150 -23830
107562 8041
107999 7313
113674 345
114269 29
115691 -1014
131009 3268
131015 3280
131033 3218
131051 3191
131060 3200
131063 3190
131067 3216
131074 3196
131080 3156
131080 3168
131074 3162
131076 3171
131076 3171
131083 3172
131087 3184
131087 3186
131090 3190
131098 3198
131107 3184
131109 3186
131112 3172
131116 3161
131119 3187
131119 3194
131116 3177
131123 3158
131109 3144
131112 3135
131116 3142
131121 3125
131123 3116
131119 3124
131118 3124
131116 3117
131112 3132
131098 3113
131094 3105
131094 3122
131083 3091
131090 3115
131076 3083
131078 3081
131069 3061
131085 3068
131069 3078
131072 3087
131063 3075
131067 3088
131062 3095
131060 3100
131060 3114
131054 3116
131060 3119
131062 3111
131058 3118
131060 3128
131067 3125
131054 3112
131054 3102
131043 3096
131049 3096
131047 3081
131045 3075
131047 3069
131049 3052
131049 3050
131051 3044
131047 3059
131043 3052
131043 3066
131042 3071
131040 3076
131031 3091
131031 3088
131027 3085
131007 3095
131018 3105
131004 3102
131013 3098
131013 3087
131011 3107
131020 3114
131020 3121
131027 3122
131027 3109
131025 3119
131029 3152
131011 3119
131045 3143
131029 3162
131038 3170
131018 3228
131002 3258
131007 3257
130998 3253
130998 3226
133294 5629
133563 3719
60141 -24531
129390 2549
59859 -25648
59857 -25543
59884 -25563
60161 -24737
60148 -24660
60023 -24099
129428 2704
90796 23001
91009 23987
60079 -25064
59899 -25535
92548 15229
131913 3265
131824 3465
131727 3656
131477 3725
131340 3849
131186 4166
131152 4213
131170 4446
131188 4564
131206 4570
131213 4568
130763 6072
130476 4817
130606 4456
131248 3412
131763 2429
131826 2414
131947 2233
131969 2145
132108 2213
132128 2340
132126 2347
59839 -25534
59823 -25563
132142 2569
129827 2946
129852 2955
61829 -22706
59732 -25604
129869 2981
127691 9198
113282 12857
59942 -25618
61818 -28282
61816 -28290
61815 -28274
131486 2977
142508 44803
142358 45777
142325 46113
141881 50683
141805 50630
141767 50622
130418 6174
155568 -97645
154493 -86936
138580 33852
113864 29446
93952 31918
71495 -14544
61547 -23123
78119 -5984
81201 14180
94183 11139
94205 11103
129395 2793
60032 -23938
59788 -24416
59964 -25427
130331 7689
130295 7778
130550 1132
130796 3197
59884 -25677
59843 -25501
59832 -24123
59870 -24098
59875 -24080
59937 -24040
59935 -24423
59929 -25130
59942 -25495
48731 26366
132388 3076
132388 3076
132135 2575
129793 3433
132390 3111
132121 2430
132121 2430
132030 2409
131915 2495
131918 2533
131980 2377
131989 2379
131998 2384
132030 2417
132039 2417
132408 2915
132538 2419
133247 3614
133115 3482
133053 3548
132909 3682
132833 3847
132527 3582
132527 3582
132477 3501
132406 2289
132300 1051
132412 1850
132412 2008
135788 -259843
135790 -259843
135779 -259722
135766 -259724
135663 -259646
135660 -259650
151337 -65147
151337 -65147
129361 2772
59808 -25552
129363 2727
129467 2434
129379 2599
129485 2424
129504 2421
129520 2423
129601 2404
129617 2389
60137 -23616
59814 -24410
59808 -25552
129368 2681
129379 2795
129898 3115
129807 2941
129448 2677
80715 13960
67439 -20839
59808 -25552
48751 26456
48760 26458
48729 26368
59994 -23951
59994 -23951
74853 -18394
74860 -18395
142627 43656
129632 2367
129648 2342
129666 2336
129686 2337
129702 2356
129719 2383
129735 2409
129746 2436
129757 2468
129753 2509
129748 2556
129735 2618
132379 3079
132379 3079
129729 2646
72155 -98780
72216 -98601
72138 -98789
129720 2667
129708 2703
129702 2796
129704 2746
129701 2843
129686 2881
129668 2899
129728 3459
59996 -25517
60016 -25657
60063 -25857
221219 -228231
129751 3453
129771 3445
48731 26360
48733 26361
221210 -228205
132108 2366
100898 -1855
94248 11118
59808 -24444
60110 -25606
129813 3414
129890 3028
129899 3072
130084 6523
132265 2281
132189 2405
129827 3394
75755 2952
75753 2953
72999 -3915
73846 -1588
129319 3193
129325 2828
129355 2767
129845 3355
129860 3319
129876 3292
129887 3256
59808 -25552
129890 3209
129894 3159
133418 3605
129860 2975
129852 2912
129827 2844
129802 2939
129782 2868
129726 2837
133447 24743
132578 20515
134058 19739
134065 19755
124943 13397
123151 13147
97419 15737
97417 15737
129415 2740
129404 2770
129475 2689
129493 2697
129516 2709
59808 -25552
59808 -25552
59808 -25552
59808 -25552
113002 12713
59808 -25552
132260 884
132417 2909
111939 12385
96260 7741
130834 3922
116069 14028
60289 -23196
60097 -23387
60032 -23427
60031 -23618
60172 -24187
60461 -24960
60390 -25527
59808 -25552
59808 -25552
132128 2446
79852 15250
131450 3754
142587 43646
142593 43643
142598 43641
142613 43658
142616 43669
129449 6957
73208 -3335
72332 -5844
132108 2387
131913 2314
131873 2473
131808 2730
131781 2816
131662 3002
131647 3113
131654 3180
131689 3127
131889 2886
131929 2765
131951 2709
131992 2599
132027 2503
59967 -23555
81911 18762
83659 19610
91143 24333
91716 24951
131991 2379
132088 2372
96923 6918
133406 3642
133516 3472
133534 3498
133079 5769
133263 5910
59808 -25552
132148 2583
132150 2554
132153 2573
95215 -232339
93885 -234845
-10278 -219391
-10266 -219396
-23785 -242323
30281 -213901
79704 -146011
132173 2552
132146 2578
132050 2026
129925 6851
60786 -22478
61950 -14191
60289 -23977
60276 -23977
59528 -24639
124090 13420
130082 5845
132119 2588
132159 2597
132157 2581
132177 2612
132139 2539
132133 2573
132151 2572
61999 -14132
128443 8284
128826 7867
121428 14049
69895 -17598
64285 -21638
62993 -22000
96616 17021
101171 16937
129889 3272
129760 3465
132157 2598
132153 2577
132151 2572
59586 -25506
61762 -22205
59886 -23596
59631 -25468
71502 -14549
132157 2580
97411 15739
132126 2551
132146 2571
91467 25121
92907 23349
59615 -25481
62843 -24953
65117 -21790
71791 -14416
71802 -8746
129876 6257
129970 6795
130436 4921
71681 -10518
61511 -26445
61518 -26319
62756 -22898
132153 2573
95940 8136
132148 2575
71513 -13888
129952 6813
132148 2565
129930 6853
139442 43574
129946 6828
132182 2689
132260 894
62013 -13988
132509 6569
133563 3965
129578 2719
129800 2929
132283 3093
132164 2542
97393 15778
130599 4395
97402 15771
62001 -14127
62013 -13995
62131 -24539
133825 24305
133538 24662
129921 6847
131049 3619
132164 2610
132160 2582
132159 2593
132155 2559
129912 6841
58903 -20880
58894 -20636
59626 -25476
132135 2551
129802 2929
132148 2568
127112 10350
97399 15736
59584 -25527
60157 -25537
60078 -25620
132148 2599
132137 2556
112297 12527
60452 -23807
60117 -25376
60036 -25459
59801 -25095
59770 -25111
59817 -25105
59783 -25097
59564 -25517
61943 -22172
61748 -22285
60074 -23698
59584 -25516
61603 -22945
132128 2508
132146 2556
129845 6875
129926 6859
132153 2578
131452 4489
132153 2582
129932 6858
129946 6841
142602 43597
142600 43621
129923 6835
132148 2583
104523 12556
132170 2606
132139 2565
59629 -25478
132162 2578
132146 2532
132159 2565
29341 -225094
60219 -25497
132141 2567
59676 -24758
60143 -24626
60166 -24981
59599 -25514
60219 -24292
59481 -24436
128542 8186
60114 -24473
129950 6818
132146 2584
-13318 -226174
-4943 -219472
132182 2675
132135 2542
122411 775
118592 9716
109703 -268
98512 5987
117835 14852
94178 11129
93983 11248
59655 -25427
59693 -24681
59801 -25590
59841 -25622
59850 -25645
132153 1716
131915 1944
66223 -17999
61972 -13542
61664 -16179
75345 2043
59841 -24615
60132 -23754
60134 -23736
59788 -25553
100927 -1769
100894 -1838
100686 -1965
97520 15658
123906 13340
125430 13044
221202 -227871
129943 6834
221620 -228500
130756 6099
116273 14206
60918 -23679
60920 -23686
48731 26359
132151 2580
48803 25846
49262 24944
59664 -25438
60423 -26159
60148 -26114
59953 -25420
59803 -25561
64356 -18875
71390 -14130
106960 12941
132148 2572
132150 2582
122447 13605
115505 13607
95676 8459
93386 9580
93500 6550
95926 -15239
59626 -25462
67016 -21034
72178 -98591
76592 4121
61330 -44398
61721 -52674
66957 -87900
70329 -93597
72079 -98648
72021 -98583
61908 -48260
63871 -35125
67515 -21116
98127 20401
92922 23359
96887 6944
59669 -25433
129442 6987
71500 -14528
89963 20945
59680 -25453
59673 -25422
132144 2586
132188 2671
105933 -232490
105931 -232486
88345 -230199
132549 2750
132547 2759
72988 -3953
74783 -18500
132518 3130
132354 3028
132526 3125
132359 3040
132529 3133
132357 3040
112398 12550
94210 11100
93793 11298
59656 -25449
59667 -25437
132135 2601
132151 2574
132164 2597
59673 -25442
94543 10866
127653 9255
132173 2575
129923 6862
154522 -79623
156781 -145773
136666 -260148
135907 -259838
131195 3455
132155 2544
132124 2580
132524 2367
132542 2414
132529 2413
132547 2400
132153 2583
129937 6872
132531 2431
133075 3516
131909 2492
132139 2488
132135 2588
129948 6865
130263 6738
132198 2555
71502 -14538
132151 2592
120768 13958
59667 -25446
59841 -25682
59859 -25725
59964 -25326
60114 -23763
60123 -23734
59779 -24171
59669 -24534
59675 -24614
59861 -25660
59872 -25701
59779 -25550
132142 2558
61489 -17119
61522 -17089
132146 2575
130409 2064
130541 419
131900 3306
59922 -25478
60126 -23842
59669 -25428
132146 2534
132159 2568
132168 2548
130798 3987
59660 -25439
59669 -25414
132151 2537
142370 42661
132144 2571
142367 42658
155575 -97647
148850 -46295
138071 -16535
142372 42659
130420 6176
129928 6848
142300 43423
142611 43630
141619 50332
129883 6861
132137 2204
59922 -25601
59910 -25600
59678 -25431
132148 2580
59855 -25690
59843 -25688
59765 -25589
132144 2573
59664 -25446
131879 1883
132150 2527
132157 2600
132144 2570
92511 15145
59910 -25584
59904 -25600
59617 -26015
59631 -25959
59944 -25503
59955 -25478
60181 -24828
60181 -24828
127882 8900
131824 2421
61697 -22779
60101 -23770
60244 -25212
132153 2579
71596 -14382
59647 -25457
130212 5490
132325 3013
59973 -24458
59866 -25515
59859 -25720
59864 -25709
59850 -25668
131495 2958
131788 2070
121544 14057
128788 7916
129928 6847
132150 2580
132182 2637
132166 2590
131076 3170
131011 3275
132148 2577
98682 13690
150665 -62158
30353 -214837
61986 -13992
60164 -23825
59976 -23789
61498 -17163
132343 3068
110163 3763
59617 -25496
88716 11440
126561 11419
129928 6849
69077 -19059
61710 -22404
60112 -25648
59848 -25703
59861 -25703
113248 12850
131926 1940
132533 2439
132538 2392
132141 2573
142616 43598
142602 43590
129934 6869
59649 -25457
131318 3287
132139 2554
131963 3145
113168 12806
60097 -24351
59647 -25451
131732 2225
132137 2474
133209 2991
132135 2570
59653 -25433
28842 -250010
29274 -224670
103540 10852
72193 -6231
96638 7265
94733 10454
131877 1876
131871 1869
132142 2575
132157 2593
132079 2364
59631 -25482
59794 -25572
126032 12199
132374 3115
132374 3060
132395 3075
132397 3078
132394 3076
132395 3078
132580 2755
132558 2784
167455 3729
129925 6846
131215 3445
132128 2635
132144 2530
132141 2535
132054 2402
132119 2361
132155 2577
62565 -14562
125204 13248
97608 15631
60121 -25384
60041 -25528
153976 -105568
141631 -22604
132414 3165
132363 3137
129889 6852
113779 13076
71618 -14054
62702 -22107
60038 -25698
60121 -25649
59864 -25653
59873 -25622
132386 3127
132363 3133
132370 3115
132395 3094
104458 12556
80720 14237
80725 14236
104395 12539
129948 6814
129923 6821
130711 4723
130787 4279
130716 4376
130796 4284
104518 12556
80715 14242
75276 2098
59655 -25429
64840 -32027
59432 -22213
59456 -22184
59432 -22213
59445 -22269
59438 -22219
59539 -23064
61321 1352
61321 1352
59461 -22269
42602 40208
42604 40206
108543 117107
59445 -22244
59458 -22248
59398 -22327
58964 -21046
58919 -20981
58899 -21118
58500 -20591
59776 -18480
60049 -19759
60280 -19642
60417 -19591
61663 -21111
62680 -20204
61992 -19107
61574 -18082
61668 -16191
61632 -16224
62022 -16201
61932 -14236
61531 -18465
61496 -18333
59808 -25585
58888 -21104
61697 -18383
62035 -17058
61424 -18492
61428 -18431
63251 -33924
63584 -33537
62791 -30505
62514 -30574
62492 -30595
61981 -29111
61979 -29085
62154 -31045
60690 -25097
60493 -24734
60199 -23807
60291 -20169
59085 -26251
59436 -22257
61411 -18713
89036 -231447
-56698 -81453
59441 -22228
59302 -24756
59767 -23592
59438 -22237
59450 -22254
59450 -22254
62351 -22043
62678 -20214
61045 -16270
61019 -19497
60038 -24593
79934 -149598
2248 -12969
2226 -12974
61578 -27367
70130 -35197
60269 -25434
59452 -22210
59434 -22248
59432 -22213
59476 -22181
60137 -23856
59432 -22213
61339 -18132
65943 -34290
64347 -16189
64347 -16189
59013 -18833
50815 -17848
50773 -17942
50759 -17823
59432 -22213
59432 -22213
-13110 -111308
-23713 -61032
59808 -25552
50719 -17971
50726 -17968
61522 -18609
61119 -20502
60627 -22877
60461 -22905
60137 -23847
60141 -23836
59463 -22251
60177 -24061
59503 -22173
59503 -22173
69655 -24465
69622 -24072
59447 -22241
59431 -22243
59463 -22209
59463 -22209
59441 -22257
59443 -22256
59452 -22166
59456 -22225
62145 -18409
62151 -18421
59418 -22169
59432 -22214
64010 -12369
64014 -12376
60323 -25588
60237 -25532
33001 -14658
33003 -14652
61415 -18722
61415 -18664
59465 -22231
59432 -22250
59084 -26246
59085 -26255
60276 -20334
60284 -20220
60213 -23770
60208 -23783
60472 -24696
60282 -20142
60294 -20161
58897 -21124
61478 -18309
61534 -18431
61934 -14228
61952 -14251
62022 -16227
59411 -22234
59476 -22235
59425 -22124
59438 -22260
60703 -22822
59447 -22244
59434 -22267
108532 117133
116953 117729
42616 40239
42598 40231
59449 -22252
59420 -22284
61321 1348
61317 1343
61332 1360
61327 1377
132569 1936
103564 10874
208453 -170395
188094 -156456
149593 -95060
146540 -95426
58543 -22221
58543 -22221
58596 -22267
59429 -23243
59447 -22233
59447 -22233
59438 -22219
59438 -22229
43254 -137155
43287 -137194
42510 -136974
39018 -136503
39018 -136503
39591 -125411
39600 -125433
59998 -23987
60009 -23986
60014 -23982
59978 -23989
59998 -23942
59982 -23882
59989 -23855
59991 -23829
60166 -23810
60173 -23797
60186 -23789
60179 -23773
60217 -23786
60217 -23782
60226 -23778
60217 -23786
60229 -23769
60237 -23770
60255 -23755
60255 -23752
60284 -23721
60289 -23698
60293 -23774
60296 -23838
60298 -23861
60134 -23864
60146 -23829
60144 -23833
60152 -23819
60134 -23848
60143 -23836
60143 -23832
60144 -23828
60144 -23829
60141 -23837
60618 -22043
61422 -17198
61419 -17247
59808 -25552
61648 -16216
61648 -16216
62044 -16322
61502 -18440
61511 -18389
61449 -18742
61708 -22310
61713 -22314
61851 -23087
61717 -22331
61717 -22346
61925 -23239
61451 -17255
60376 -23060
61809 -28350
61954 -13642
61592 -13479
61598 -13484
59696 -23890
59835 -25535
59812 -25553
61684 -16311
61686 -16368
61668 -17680
61585 -13493
61585 -13493
63432 -13712
63423 -13748
63423 -13745
64249 -13997
62049 -17129
60074 -23848
60101 -23890
61343 -19818
61119 -23751
61372 -21690
62554 -18581
93258 128259
60696 -24489
61594 -13481
61594 -13482
60396 -25488
60275 -24973
60182 -24241
60074 -23911
60027 -23633
60034 -23434
60000 -23069
60002 -22505
59523 -22526
58637 -19811
58431 -20455
58959 -20970
60258 -25081
60190 -25194
57847 -21367
57820 -21407
59890 -25674
61448 -17775
61473 -17182
61871 -23055
61845 -23019
59895 -25521
61419 -17099
59872 -25501
59794 -25576
61440 -17119
61424 -17200
61974 -30371
60240 -23649
60240 -23649
60211 -23517
61401 -17254
61473 -17142
59792 -25525
61413 -17189
61695 -22155
61645 -22185
59821 -25419
61489 -17150
62015 -13394
62024 -13423
61444 -17173
61440 -17173
57809 -21445
57874 -21268
59810 -25695
59966 -25405
59785 -25507
59805 -25587
61442 -17258
61473 -17192
61467 -17204
61458 -17164
62035 -13426
62055 -13347
62033 -13348
62021 -13419
61439 -17169
61440 -17151
57871 -21405
57806 -21390
61431 -17091
61480 -17167
61847 -23012
61522 -17288
61433 -17184
61449 -17137
59796 -25470
61457 -17154
59812 -25679
59823 -25666
61475 -17022
59814 8755
93343 130154
97290 140234
94820 143280
61451 -17097
61489 -17157
59805 -25566
61435 -17163
61482 -17189
59812 -25480
61451 -17164
60072 -25097
61478 -17150
61961 -22905
61816 -23181
59819 -25489
61453 -17160
61439 -17152
61444 -17162
59801 -25552
59796 -25565
61502 -17107
59823 -25565
59810 -25584
59801 -25581
61457 -17117
59794 -25563
61464 -17167
61458 -17160
61462 -17164
61482 -17141
61464 -17151
61462 -17171
61433 -17195
61469 -17170
60002 -25373
61444 -17169
59828 -25568
59792 -25568
61469 -17171
61477 -17167
61903 -23238
61825 -23152
59805 -25643
61437 -17147
61435 -17108
61473 -17171
59837 -23770
59891 -25471
59794 -25534
61487 -17135
61433 -17089
61840 -23101
59946 -25437
59796 -25531
60280 -23980
61440 -17136
61460 -17267
61471 -17147
61469 -17147
60276 -23790
61448 -17180
61467 -17151
61448 -18410
65769 -38617
65769 -38616
61637 -22838
61637 -22838
61469 -17158
60065 -23889
61462 -17216
57932 -20821
57809 -21400
59796 -25568
59803 -25592
61428 -17167
61446 -17204
60555 -26048
59794 -25600
61446 -17170
61480 -17169
61419 -17163
61449 -17161
61858 -23038
61813 -23028
61795 -23065
61845 -23057
59835 -25525
61462 -17147
61576 -17898
61420 -17242
60768 -22654
59810 -25588
61440 -17156
61428 -17126
61440 -17113
62939 -22689
61834 -23017
61834 -23022
61411 -17135
59891 -22926
59879 -24065
59863 -24043
60242 -23685
60269 -23727
59799 -25481
59799 -25563
61460 -17164
61448 -17190
61426 -17108
61437 -17167
59806 -25534
59805 -25590
61428 -17216
61466 -17237
61431 -17097
61449 -17219
61435 -17169
61460 -17172
59803 -25451
61117 -20473
61348 -17095
62407 -17372
61444 -17122
59783 -25554
61484 -17038
61442 -17141
60922 -17229
60951 -17273
61496 -17126
59796 -25579
61464 -17245
64902 -15333
61836 -17089
59765 -25561
61422 -17162
61437 -17237
61439 -17156
61469 -17188
61460 -17244
61475 -17173
61442 -17138
59810 -25573
59810 -25553
59792 -25573
61410 -17126
61471 -17184
61422 -17122
61442 -17135
61632 -16193
61637 -16210
61538 -17480
60305 -24763
59799 -25516
61375 -19429
60567 -23455
60275 -23698
59803 -25591
61590 -17163
61455 -17132
61449 -17226
60130 -25262
59783 -25553
61439 -17116
59799 -25566
61471 -17153
61449 -17250
59872 -25575
61462 -17199
61462 -17199
106600 -13427
111775 -20314
59801 -25584
61711 -22328
61713 -22316
61355 -16996
61451 -17164
61538 -17160
60618 -22033
60618 -22032
59808 -25587
61471 -17284
60457 -28165
60168 -23814
61478 -17021
59931 -22577
59808 -25552
59808 -25552
52861 -13338
45996 488
41835 7503
33968 11738
-12275 -23980
-22796 -31118
-92893 -180913
-92604 -180506
-80570 -144273
-80554 -144221
60229 -25129
60231 -25003
-57573 -61216
-61748 -68411
-64551 -79398
-67090 -86888
59808 -25552
59808 -25552
60414 -23438
59808 -25552
59808 -25552
59788 -25691
59790 -25693
59693 -25481
59640 -25186
59629 -25134
59606 -25018
59584 -24923
59525 -24649
59662 -22888
59662 -22888
59232 -23245
59808 -25552
59821 -25264
59781 -25054
59781 -25054
59781 -25054
59781 -25054
59808 -25552
59808 -25552
59808 -25552
59808 -25552
59741 -23961
60168 -23798
60018 -24053
60027 -24052
60049 -24073
60076 -23447
59868 -22567
59723 -24034
59673 -24335
59808 -25552
59808 -25552
59808 -25552
59808 -25552
59808 -25552
59808 -25552
59808 -25552
59808 -25552
59808 -25552
59808 -25552
59808 -25552
59808 -25552
59808 -25552
59808 -25552
59808 -25552
59808 -25552
59808 -25552
59808 -25552
59783 -25056
59808 -25552
59808 -25552
59808 -25552
59808 -25552
59808 -25552
59228 -23248
59691 -22897
59658 -22888
59808 -25552
59808 -25552
59808 -25552
59808 -25552
59808 -25552
59808 -25552
59808 -25552
59808 -25552
59808 -25552
59808 -25552
59808 -25552
60414 -23438
60224 -25178
59808 -25552
59808 -25552
59808 -25552
59808 -25552
59808 -25552
60600 -25916
60634 -25950
61028 -26315
61073 -26372
61815 -28327
61816 -28272
61822 -28104
61793 -28009
61775 -27964
59808 -25552
61811 -28341
61825 -28358
59808 -25552
59808 -25552
59808 -25552
59808 -25552
59808 -25552
59808 -25552
59808 -25552
59808 -25552
59808 -25552
59808 -25552
59808 -25552
59808 -25552
59808 -25552
59808 -25552
59808 -25552
61827 -28337
59808 -25552
59808 -25552
59808 -25552
59808 -25552
59808 -25552
59808 -25552
59808 -25552
59808 -25552
59808 -25552
59808 -25552
59808 -25552
59808 -25552
59808 -25552
59808 -25552
59808 -25552
59808 -25552
59808 -25552
59808 -25552
59808 -25552
61798 -28346
59808 -25552
59808 -25552
59808 -25552
59808 -25552
59808 -25552
59808 -25552
59808 -25552
59808 -25552
59808 -25552
59808 -25552
59808 -25552
59808 -25552
59808 -25552
59808 -25552
59808 -25552
59808 -25552
59808 -25552
59808 -25552
59808 -25552
59808 -25552
59808 -25552
59808 -25552
59808 -25552
59808 -25552
59808 -25552
59808 -25552
59808 -25552
59808 -25552
59808 -25552
59808 -25552
59808 -25552
59808 -25552
59808 -25552
59808 -25552
59808 -25552
59808 -25552
59808 -25552
59808 -25552
59808 -25552
59808 -25552
59808 -25552
59808 -25552
59808 -25552
59808 -25552
59808 -25552
59808 -25552
59808 -25552
59808 -25552
59808 -25552
59808 -25552
59808 -25552
59808 -25552
61827 -28278
59808 -25552
61805 -28263
59808 -25552
59808 -25552
59808 -25552
61811 -28285
59808 -25552
61842 -28303
61842 -28303
61842 -28303
59808 -25552
59808 -25552
59808 -25552
59808 -25552
59808 -25552
60329 -24738
59808 -25552
59808 -25552
59808 -25552
61831 -28333
61834 -28230
61833 -28350
61872 -28293
61827 -28302
59808 -25552
59808 -25552
60237 -25161
59808 -25552
59808 -25552
60376 -25456
60233 -25119
61816 -28306
61858 -28611
60365 -25443
59803 -25551
61646 -28049
61652 -28044
60094 -23909
60101 -24017
60074 -25895
60087 -25938
60862 -26766
60902 -26816
61840 -28302
61842 -28302
61816 -28323
61816 -28327
61824 -28280
61829 -28324
61807 -28248
61820 -28431
61811 -28209
61822 -28296
62805 -30495
62698 -30373
63392 -31345
63546 -23430
61820 -28293
61811 -28358
61800 -28377
61800 -28346
61822 -28333
61822 -28359
61829 -28322
61829 -28322
60437 -25489
61634 -28044
61816 -28309
61815 -28309
61809 -28363
61813 -28378
61825 -28353
61822 -28352
59801 -25584
59779 -25475
61816 -28330
61822 -28286
61829 -28344
61829 -28344
61818 -28281
61825 -28333
61822 -28312
61822 -28312
61791 -28333
61791 -28343
61775 -28344
61775 -28344
61816 -28334
61816 -28335
61795 -28300
61760 -28372
61845 -28300
61809 -28302
61798 -28299
61813 -28290
61820 -28312
61787 -28114
61804 -28322
61811 -28286
61816 -28266
61773 -28323
61802 -28254
61809 -28310
60571 -25907
60544 -25874
61818 -28315
60253 -25241
59808 -25552
59808 -25552
60253 -25091
60258 -25030
60132 -23703
60909 -23667
60929 -23638
60779 -23740
60681 -23827
60647 -23871
60475 -23891
60450 -23874
60313 -23891
60300 -23832
59808 -25552
60240 -24219
60211 -24177
60170 -23929
60249 -24890
60020 -24793
60293 -24867
60302 -24940
60233 -25012
60233 -25139
60067 -25257
60025 -25375
59859 -25555
59801 -25581
62801 -19222
62758 -20344
60866 -23680
60640 -23849
59797 -25572
60307 -24954
59857 -25500
60237 -24876
60117 -23680
60168 -23950
60114 -25251
60242 -24962
59944 -23999
59944 -23999
60336 -24763
60327 -24753
60141 -23693
60126 -23707
60220 -24326
60280 -24680
60546 -25256
60540 -25262
60544 -25266
60520 -25311
60636 -23855
60902 -23663
60557 -23663
60558 -23629
60468 -23965
60645 -23877
59774 -25578
59622 -25142
59626 -25119
60002 -24769
59933 -24450
59875 -24100
59895 -24183
60257 -23711
60320 -23750
60291 -23804
60304 -23864
60190 -23759
59998 -23823
59987 -23793
59967 -23738
60087 -23532
60119 -22573
60112 -22588
60215 -23533
60193 -23532
60163 -23600
60132 -23782
59664 -26111
42150 -9731
42146 -9742
41402 -13163
41393 -13193
66017 -33930
66015 -33963
65995 -33933
58234 -27244
58238 -27248
58151 -27130
60352 -28275
60340 -28304
59991 -24784
59978 -23989
43209 -3030
43030 -3566
42981 -6944
54243 -15871
59908 -23402
60002 -23885
60097 -23800
60099 -23808
60211 -23566
60202 -23544
61213 -30586
61202 -30477
61200 -30519
62993 -32888
63007 -32905
60103 -28027
59906 -28126
57377 -21986
40885 -15194
40973 -15222
41002 -15163
59463 -25972
58492 -20587
58910 -20962
35913 -5746
31407 -37535
33227 -36942
33187 -36764
31441 -37678
27125 -24906
33021 -14645
41559 -13175
59537 -23042
58952 -21007
42159 -9813
43361 -3125
43417 -3112
60000 -23810
41566 -13179
41526 -13159
41387 -13155
41521 -13163
64627 -46972
60029 -23440
60034 -23620
59425 -24293
60294 -23196
60757 -23088
60779 -23104
60815 -23305
60070 -23416
59506 -24146
59696 -23692
59485 -24768
59960 -23040
59931 -22890
59906 -23232
60159 -24198
60464 -24953
60170 -24383
58892 -18759
41779 -11629
41393 -13160
41590 -13112
41785 -11658
41158 -12049
41582 -13149
58415 -18321
58856 -18676
63884 -48101
64618 -46968
61041 -22541
59937 -24729
59935 -24742
59951 -24759
59911 -24753
59920 -24735
59915 -24737
59541 -23053
59548 -23050
59937 -24753
59938 -24698
59946 -24734
60085 -24350
59902 -24727
59922 -24742
59902 -24714
59951 -24805
59926 -24693
33223 -36965
31376 -37520
31371 -37525
41626 -13044
35911 -5808
41629 -13138
61430 -18663
59915 -24733
60766 -23314
59958 -24635
59924 -24752
61357 -22829
61377 -22966
59911 -24635
59920 -24699
41597 -13141
59931 -24771
60085 -24607
59902 -28132
60128 -27961
60085 -27854
59579 -25015
62959 -32986
61303 -30471
61314 -30456
60043 -24795
59801 -25644
59808 -25598
59922 -24737
59953 -24747
41595 -13125
42808 -7023
59745 -26039
60338 -28306
65890 -34355
59982 -24686
43337 -3143
59328 -21521
41597 -13122
41601 -13137
41581 -13147
59877 -24706
59788 -25529
59794 -25569
59808 -25552
61475 -17707
61424 -18490
60761 -21966
61437 -17189
61458 -17182
61458 -17181
61458 -17181
61458 -17181
61458 -17181
61462 -17208
59808 -25552
61449 -17182
61457 -17174
61457 -17174
61478 -17171
61458 -17185
61455 -17185
61453 -17181
61453 -17182
61453 -17180
61419 -17167
61496 -17174
61446 -17203
61457 -17185
61460 -17174
61458 -17172
61462 -17173
61455 -17181
61453 -17182
62870 -13176
63060 -12624
61460 -17173
59808 -25552
60278 -23731
59808 -25552
64585 -21433
59808 -25552
59808 -25552
59808 -25552
59808 -25552
59808 -25552
59808 -25552
59808 -25552
59808 -25552
59808 -25552
59808 -25552
61464 -17191
61464 -17191
61451 -17161
61446 -17164
61442 -17179
61451 -17201
61453 -17179
61453 -17188
61453 -17186
61451 -17183
61451 -17180
61457 -17181
61455 -17173
61455 -17172
61473 -17220
61453 -17163
61464 -17183
61453 -17198
61457 -17188
61457 -17188
61451 -17189
61451 -17183
61393 -17120
61346 -17311
61460 -17175
61457 -17195
60284 -23740
60280 -23722
61462 -17176
61451 -17174
61455 -17180
61457 -17172
61516 -17188
61507 -17202
61453 -17181
61446 -17179
61455 -17174
61462 -17124
61462 -17161
61448 -17174
61475 -17153
61475 -17153
61449 -17175
61444 -17186
61464 -17194
61453 -17183
61464 -17201
61464 -17207
61475 -17203
61469 -17198
61453 -17182
61453 -17182
61466 -17137
61466 -17137
61458 -17184
61457 -17170
61449 -17203
61437 -17186
61455 -17191
61455 -17183
61449 -17182
61437 -17169
61446 -17183
61446 -17183
61449 -17199
61457 -17176
61448 -17207
61460 -17169
63978 -17944
62259 -15542
61458 -17191
61455 -17211
61464 -17192
61502 -17186
88772 -16463
75392 -14217
60775 -21865
60775 -21869
61453 -17180
61453 -17180
61449 -17164
61449 -17164
61451 -17166
61466 -17167
61453 -17179
61462 -17165
61477 -17170
61477 -17170
60351 -24493
61460 -17185
60533 -23224
60134 -23708
60329 -25272
60318 -25465
59846 -25657
61574 -17304
61462 -17197
61433 -17189
61435 -17167
59805 -25618
72686 -98695
72713 -98846
59808 -25552
62040 -13447
61946 -13026
61016 -23007
62028 -13477
60341 -25225
62022 -13441
62022 -13430
62017 -13488
61997 -13505
62026 -13389
58071 -23492
58075 -23453
60034 -23339
62022 -13450
62031 -13408
62044 -13427
62044 -13419
62031 -13372
59875 -25641
62004 -13457
61437 -17174
61442 -17183
60674 -25306
60663 -25322
59803 -25572
60911 -24408
61766 -15079
62002 -13458
62013 -13468
62037 -13457
62042 -13458
62028 -13446
62031 -13449
62026 -13419
60193 -25197
58129 -21939
59794 -25572
58122 -21927
58127 -21925
58109 -21912
17280 61002
58274 -23659
57961 -20695
57961 -20693
57956 -20692
57475 -20377
57477 -20370
59709 -23401
59640 -25165
59808 -25552
57354 -21927
57368 -21989
58113 -21949
58124 -21943
58129 -21923
58131 -21928
58127 -21927
58117 -21916
58129 -21929
58127 -21931
58088 -23326
58919 -21131
58950 -21041
58912 -20973
58498 -20595
58823 -19367
60152 -21718
60155 -21722
60399 -19659
60287 -19625
60047 -19759
59445 -22302
60090 -23989
60090 -23855
58245 -21865
59935 -22904
59546 -23170
59544 -23173
60374 -23104
61395 -18688
61451 -18541
61780 -17075
61735 -12931
61802 -12661
61592 -13487
61890 -12906
59808 -25552
59808 -25552
59613 -27371
59778 -27578
60027 -28081
-87575 -116048
-87738 -115548
57383 -21934
60370 -25634
59783 -25903
59803 -25995
59769 -25837
59763 -25737
58127 -21971
15731 -856
15677 -797
15129 -1472
58120 -21930
58127 -21968
58084 -23448
58151 -21904
58874 -21107
58274 -21734
15124 -1450
15619 1242
58124 -21924
61655 -22407
61628 -22448
58126 -21938
59799 -25488
58124 -21946
59758 -25611
59745 -25732
58124 -21924
59819 -25532
60372 -25628
60038 -25668
59841 -25524
58196 -21864
59799 -25556
59796 -25561
58122 -21966
59978 -22924
58946 -21046
58176 -21802
-87733 -115534
-87758 -115466
-87574 -116052
-87581 -116018
58176 -21836
58930 -20975
59982 -20529
61529 -22318
62986 -22400
58127 -21950
59881 -25425
59870 -25497
61473 -18751
61305 -20017
58122 -21938
58876 -21106
58894 -21118
58118 -21942
59964 -23650
60567 -23003
59333 -22110
58120 -21949
58950 -21041
58126 -21932
58122 -21922
58679 -22259
58120 -21953
58120 -21953
58138 -21927
58124 -21942
57368 -21988
57368 -21988
57352 -21940
58118 -21916
59799 -25560
60387 -26078
60383 -26077
59915 -25784
59734 -25644
59640 -25159
58245 -23618
58153 -22364
59835 -25407
58122 -21886
17293 60940
17293 60940
58126 -21910
59817 -25565
59796 -25517
59089 -22627
60228 -23219
59993 -23379
58120 -21931
58118 -21933
58120 -21928
58120 -21928
58102 -21938
58124 -21929
59559 -25647
59803 -25556
59810 -25550
58118 -21986
59872 -25472
43520 40538
43525 40534
43018 40944
59949 -25394
59870 -25462
69883 -17886
59808 -25552
59808 -25552
59808 -25552
59808 -25552
-78974 -121131
59806 -25585
59806 -25578
59808 -25581
-46724 -48337
-49034 -49581
76997 97400
59805 -25587
59808 -25584
59819 -25613
59808 -25585
59808 -25585
57704 -25668
59808 -25584
60219 -25733
60146 -25274
59808 -25585
63091 -33886
63092 -33886
60018 -24557
61135 -28027
61137 -28023
-83089 -123020
-83089 -123020
-83089 -123020
-83089 -123020
-83089 -123020
-83089 -123020
-83089 -123020
-83089 -123020
-83089 -123020
-83089 -123020
-79424 -121919
-79424 -121919
-79424 -121919
59808 -25552
59808 -25552
60493 -25033
60376 -24990
58071 -23517
60023 -24587
60023 -24599
61451 -25891
59808 -25552
58053 -23544
58586 -21974
60443 -27909
65926 -34290
128645 -197986
128654 -197928
128667 -198122
128772 -198039
128811 -198028
128967 -198020
128940 -198792
128929 -198795
129052 -198486
129066 -198481
129075 -198480
128907 -198424
125916 -195880
129028 -196405
131340 -195684
63575 -33637
57457 -22078
62042 -15055
62042 -15055
62059 -15314
62615 -14228
58055 -23536
60249 -24014
60251 -24013
59808 -25552
42031 31591
42327 31403
42011 30395
42291 31440
42034 31578
42334 31387
42338 31307
42336 31368
42083 30950
42078 30929
42622 40287
35558 10635
64224 -15769
64347 -16160
64412 -16878
64455 -17586
64419 -18427
63432 -13732
63197 -13491
63145 -13503
58050 -23544
58037 -23545
58053 -23539
58051 -23536
58064 -23508
58064 -23511
58062 -23496
58050 -23548
48579 -222712
48584 -222715
48581 -222728
49759 -222328
49681 -222172
50173 -220504
48881 -222962
47892 -218872
47751 -218964
47471 -218436
47339 -218009
47272 -217743
47695 -218113
47456 -218236
47632 -218370
47628 -218339
59783 -25647
59808 -25552
59808 -25552
60023 -24022
58073 -23496
58044 -23429
59568 -23224
59579 -23295
59646 -23758
59642 -23768
59656 -23723
59911 -23434
59071 -26172
59120 -26127
60477 -24727
60211 -21554
59550 -20698
58800 -19254
66790 -21068
66727 -20405
67766 -18769
67763 -18721
65899 -18608
65892 -18616
64376 -18563
64025 -19065
64007 -19091
62684 -20177
61784 -21160
61670 -21083
56761 -19228
56750 -19226
56759 -19254
54377 -16007
54252 -15881
54366 -15869
54379 -15900
54202 -15815
54198 -15823
54793 -18881
54787 -18834
59174 -26264
59170 -25439
59208 -25167
59300 -24898
59407 -24289
59526 -23943
59667 -23710
59711 -23648
59738 -23616
59750 -23603
59850 -22644
58529 -23397
58686 -25172
58760 -25710
58473 -26427
58422 -26352
58377 -26370
58256 -26276
58189 -26233
58153 -26236
58053 -26107
57954 -26071
57945 -26048
57797 -26022
57797 -26022
57762 -26029
57771 -26539
57771 -26531
57840 -26649
57977 -26918
58151 -27118
58308 -27129
58399 -26764
58426 -26639
58487 -26472
85824 -2058
85808 -2111
85808 -2111
62702 -30280
65930 -34334
66026 -34188
66024 -34193
66024 -34190
65966 -34272
60255 -25908
60092 -23828
60092 -23772
60094 -23769
60090 -23767
59785 -25572
61847 -25718
61836 -25729
62413 -25549
60034 -24555
69832 -20084
69829 -20088
61607 -14087
61610 -14084
61603 -13430
61811 -12630
63904 -13128
64511 -18252
60701 -22859
54050 -58145
53014 -61330
52839 -61545
52837 -61541
52841 -61552
52702 -61174
12494 -118061
12496 -117888
12456 -117655
17067 -104555
36871 -102455
53558 -59758
61477 -28512
61475 -28521
61431 -28525
59940 -24450
61440 -28509
60070 -23890
60016 -24861
59859 -25663
59841 -25671
59931 -25551
61001 -17455
61802 -12686
59808 -25552
59510 -26207
93419 11593
93569 11431
93578 11409
93562 11347
92307 11947
92313 11898
94181 11103
94181 11103
94180 11099
94181 11099
80187 11702
80163 11691
71477 -14510
71484 -14480
71488 -14517
59897 -23367
59897 -23367
59890 -23363
60081 -23726
124703 -73470
124727 -73468
126915 -75711
127655 -68725
127752 -68131
127812 -67595
129693 -61617
129663 -61589
129661 -61589
129731 -61742
128862 -52379
128643 -51886
128632 -51865
128656 -51831
128647 -51822
128665 -51837
129959 -60895
130019 -60940
130022 -60940
130019 -60942
130020 -60942
130022 -60942
130022 -60941
130022 -60935
130017 -60934
128858 -53455
128759 -53290
127839 -67392
127834 -67413
127808 -67583
127750 -68140
117665 -56405
117658 -56411
117678 -56464
117696 -56433
117795 -56435
117674 -56297
76509 -15292
76440 -15220
76272 -17204
76243 -17210
76252 -17209
76265 -17250
75101 -16137
75117 -16132
75169 -16172
62337 -26520
61608 -4936
64233 -15792
64193 -15715
62604 -17942
61701 -18414
61605 -4986
61580 -5003
61621 -4975
60264 -20174
58066 -23506
12456 -117976
12507 -117950
12445 -117746
12478 -117971
12467 -117973
12474 -117968
12476 -117967
12480 -117969
12474 -117963
12474 -117962
12469 -117969
12469 -117968
12467 -117974
12472 -117970
12472 -117962
12489 -118025
10710 -112238
9087 -107742
9100 -108007
14757 -102552
14802 -102602
-13271 -111524
-13230 -111693
-13232 -111703
-13071 -111736
-13157 -111461
-13174 -111420
-13233 -111504
-13244 -111560
-13322 -111375
-13344 -111317
8165 -5359
14247 4410
17023 -3870
4455 -11007
4455 -11009
4455 -11006
4341 -11348
4489 -11046
4585 -10174
4583 -10172
14381 3179
20255 8739
20188 8815
20251 8762
59534 -23057
70226 -13169
70262 -13260
70293 -13275
70494 -11990
70420 -11552
60072 -23795
60056 -23808
61276 -30476
60132 -28002
60130 -28006
59808 -25552
59051 -26212
59051 -26208
55387 -86148
54093 -87639
51451 -135689
51427 -135851
51431 -135830
51453 -135654
51433 -135466
31320 -211759
31316 -211670
31336 -211693
31324 -211895
31430 -212289
28965 -289825
63002 -32026
63358 -32152
62089 -53039
62073 -12987
61372 -17629
61303 -15049
60858 -23392
61433 -25967
60855 -23401
61997 -19122
62149 -18421
62149 -18417
63241 -16121
63241 -16120
63242 -16125
62089 -12910
62104 -12858
27711 -295410
27712 -295405
27667 -295277
27676 -295233
27667 -295233
27642 -295353
27772 -295372
31121 -210923
31094 -210997
63007 -59189
63011 -59199
62995 -59096
59056 -26220
59053 -26202
59628 -25723
60681 -28526
59888 -22928
59913 -22943
60726 -19234
63969 -17836
63969 -17836
63976 -17861
60309 -25529
60631 -28472
60634 -28450
60634 -28452
59975 -23964
60009 -23995
60058 -23873
63083 -3018
63074 -3012
63080 -3002
79932 -149605
80022 -149641
80015 -149678
79946 -149821
62928 -34136
60081 -23349
60087 -22699
59808 -25552
60034 -24560
60049 -24512
60034 -24566
62919 -33690
64509 -45120
65948 -34292
68010 -34939
69778 -34806
70125 -35203
65968 -34245
66031 -34186
66026 -34187
66013 -34205
60370 -25553
60020 -24838
60067 -23762
69324 -24705
69317 -24715
68762 -26418
69480 -26557
69545 -26182
68988 -26367
69727 -25109
69606 -24230
69610 -24223
69603 -24214
59808 -25552
60108 -23990
60152 -23604
60152 -23610
62709 -45007
62745 -45003
61690 -44359
61684 -44377
61677 -44404
61321 -45262
61355 -45301
61097 -45062
60488 -41282
60515 -25794
60517 -25801
60135 -23717
59118 -23282
65910 -34253
65890 -33383
65805 -32579
65914 -32524
65834 -32375
65867 -32612
66098 -36282
66895 -34954
60117 3040
60121 3014
60397 3215
60007 -24576
59805 -25575
61825 -29393
61941 -30149
62143 -30365
64063 -30623
65968 -35370
66517 -36674
66801 -34237
66902 -34372
66606 -36728
66695 -36692
60027 -24596
60117 -25581
60119 -25570
60119 -25574
60090 -25684
60130 -25648
60087 -25659
60121 -25641
60121 -25641
59074 -2081
58348 -99
58315 -128
58312 -115
60014 -24538
59808 -25557
71974 -18447
71941 -18310
60025 -24587
60020 -24556
-13262 -111360
-13264 -111351
-13253 -111308
-12982 -111202
-12944 -111189
-12991 -111240
-12935 -112412
-12270 -126458
-12709 -127760
-12722 -127766
-12711 -127749
-12709 -127764
-12697 -127771
-13208 -112970
-13096 -111592
-13154 -111391
-20006 -67898
68961 -20787
60260 -25076
60244 -25046
60307 -25168
60341 -25302
60242 -25174
60067 -25326
59935 -25448
59882 -25500
59808 -25552
62796 -19209
62780 -19174
62814 -19217
62771 -19188
62791 -19197
62778 -19224
62787 -19249
62776 -19200
58064 -23511
58066 -23526
62818 -19290
59808 -25552
62832 -19268
63163 -31756
62771 -42607
64305 -44707
61276 -29669
30073 -283829
30125 -283917
30082 -284078
30084 -284073
29992 -283988
30219 -284668
30245 -283933
30266 -284180
30125 -283387
30138 -283391
59991 -24531
60755 -23102
61272 -27221
66026 -34593
65930 -34296
66026 -34178
61565 -28318
62886 -33286
63062 -33672
63092 -33857
63148 -33973
63416 -33734
63365 -33229
61603 -31190
61343 -30374
61292 -30218
61296 -30153
61290 -29906
61285 -29708
61272 -29591
61245 -29354
61475 -27778
61164 -28131
61052 -27984
60280 -27888
59819 -28047
59911 -27355
59628 -26897
59635 -26746
59629 -26471
59617 -26435
59575 -26289
59544 -26088
59519 -25997
59852 -24812
60029 -24603
60029 -24609
60025 -24597
59808 -25552
60298 -25653
60284 -25709
60284 -25666
60287 -25648
60311 -25723
60302 -25695
60273 -25731
60264 -25730
60332 -25631
60358 -25742
60273 -25664
60260 -25761
60284 -25770
60289 -25671
60247 -25709
60253 -25710
60251 -25765
60271 -25674
60260 -25729
60316 -25712
60316 -25712
60296 -25590
60027 -24584
59808 -25552
60213 -24138
60121 -25690
60029 -24614
60032 -24607
59882 -27420
59244 -24956
60002 -24617
60040 -25691
60005 -24609
60130 -25701
60121 -25690
59205 -25459
59994 -24562
59998 -24576
60018 -24613
59993 -24540
60022 -24594
60070 -24611
65894 -34741
66028 -34600
30131 -283404
30131 -283404
62800 -42066
63251 -31814
61681 -31251
59993 -24609
58086 -23486
59797 -25550
62832 -19268
62792 -19174
68965 -20785
68959 -20787
-13864 -127257
-12740 -127732
71941 -18337
71936 -18355
71972 -18448
59808 -25570
61312 -29983
62107 -53160
62100 -53041
62084 -53044
62093 -53057
59799 -25576
60040 -24586
60757 -1738
60488 -1793
60052 -24576
60087 -25667
60119 -25570
61451 -27612
66693 -36693
66512 -36724
66510 -36758
66526 -36731
59792 -25576
60143 -23620
76796 -14714
76769 -14693
76785 -14679
76789 -14734
60058 -24539
60014 -24590
60061 -24609
61748 -3230
60128 2977
60126 2980
59987 -24625
65935 -34346
65905 -34240
65888 -34311
59991 -24614
60025 -24576
60005 -24656
61426 -25917
60000 -24599
60383 -26293
60484 -41268
69633 -24059
69595 -24213
69628 -24062
59797 -25544
60011 -24773
60304 -25581
65921 -34291
70121 -35206
69863 -35062
65928 -34300
60027 -24607
60040 -24556
60065 -24584
60000 -24528
60040 -24605
59975 -24628
61182 -22019
60023 -24532
57724 -22576
60034 -24562
59147 -14558
59653 -20549
63091 -3076
62989 -3038
60023 -24602
60023 -24602
60043 -24580
60043 -24580
60049 -24546
60029 -24585
60792 -19310
60792 -19310
61299 -30567
60038 -24055
61625 -4910
61661 -4802
59785 -25547
59785 -25547
62342 -25097
61950 -24821
59629 -26850
59525 -26446
59107 -25900
59935 -24473
59996 -24620
61507 -28501
61449 -28507
60309 -25855
61471 -28500
60014 -24647
12633 -116526
12460 -117395
52656 -61138
60473 -47015
61697 -13945
61294 -14968
69841 -20071
69874 -20038
60076 -25084
60029 -24580
60034 -24540
62420 -25540
60020 -24658
59985 -24574
59785 -25572
60065 -24208
60090 -23767
59899 -25471
60034 -24614
60291 -25891
65955 -34258
59796 -25562
59342 -23236
57780 -26564
57755 -26260
59761 -25589
58668 35961
58753 37053
58717 35971
58646 36036
47608 -218321
47930 -218909
14262 4362
16342 6294
52111 -11824
52111 -11824
63071 -13526
59488 -22359
65908 -34259
66613 -35462
67237 -35397
65832 -32400
65711 -32731
65695 -32763
65834 -34203
65834 -34202
36207 18455
38365 28106
42336 31302
42690 28368
41991 29213
42340 31306
60065 -25876
60036 -25829
59960 -16701
59678 -20926
61303 1369
61581 1557
61471 600
61245 406
60819 331
61025 1532
60475 3656
61283 2677
61198 1946
61336 1343
60003 -24584
59248 -21941
65393 -39829
64815 -41240
62102 -16084
60070 -24596
44051 -2449
44039 -2443
59919 -24292
59698 -20915
61330 -21283
61319 -21296
61287 -30449
61292 -30445
59989 -24564
60101 -28162
60499 -27893
60786 -22471
60781 -22437
60043 -21008
59203 -19699
57497 -18701
57316 -19673
60007 -24572
60007 -24689
60045 -24623
60267 -20006
60003 -24598
61236 -27262
61332 -27300
59669 -20806
59669 -20806
60282 -21587
60000 -24615
59693 -23389
59993 -24611
62619 -14251
62615 -14227
60477 -27842
63593 -33493
63595 -33517
59991 -24600
62075 -15331
62225 -14940
59958 -21510
59523 -22164
62046 -15060
62031 -15071
60041 -18987
59958 -24509
61348 -47760
61345 -47522
57795 -23443
59586 -21999
63575 -33636
63575 -33630
131315 -195708
129032 -196407
125912 -195889
125032 -195493
128994 -197362
129073 -198499
128820 -198025
128820 -198025
128869 -196931
128647 -197986
63253 -33947
59996 -24622
61048 -25497
96115 -230590
90415 -231555
89157 -236823
61540 -30983
60918 -27924
60251 -27508
59978 -26483
59658 -25278
59548 -25000
60000 -26792
60007 -24605
60443 -27909
59971 -24614
58865 -20672
58588 -21968
60175 -19738
60170 -19725
59004 -21493
58142 -20259
60014 -24617
60056 -24559
60016 -24784
59830 -24822
58861 -18488
58169 -17652
58440 -18023
58899 -18708
60340 -25517
59978 -24600
-79209 -121699
-83066 -122991
61017 -19334
60013 -24597
60016 -24602
60016 -24602
60025 -24624
60025 -24624
60011 -24578
59093 -20876
63902 -12549
63682 -11467
63421 -11722
63427 -11861
64047 -12600
64027 -12427
59058 -19435
59998 -24608
70147 -21784
70136 -21783
55919 1245
55888 1200
55172 1049
55922 1247
64891 -44257
64889 -44238
63629 -40184
63629 -40184
69789 -41631
69733 -41686
59996 -24632
59998 -24605
67558 -19468
68012 -20365
67593 -19502
67593 -19474
64696 -18149
64753 -17870
69780 -7881
64285 10248
60721 -2295
60027 -8510
60036 -12656
59958 -24744
61341 1331
61312 1235
60045 -24577
60060 -24615
69854 -17865
71011 -18350
70573 -17251
70483 -17013
70038 -17708
69872 -17898
2123 1964
2165 1892
2094 2139
61704 -24079
59165 -26276
59805 -25563
60011 -24596
60054 -24604
65923 -34429
65930 -34437
63466 -11140
63197 -16060
63199 -16090
60349 -24149
60070 -25922
59508 -26240
31177 -41375
30852 -41171
59982 -24613
61435 -26150
60041 -24765
63622 -33549
63584 -33587
63166 -31762
59969 -27918
60020 -24577
58084 -23477
59620 -25109
60135 -24594
59705 -23738
59797 -25551
60045 -24521
61677 -31272
59996 -24599
60027 -24627
59929 -24558
59555 -25833
60228 -25603
60018 -24606
61576 -24964
64137 -33986
60332 -25566
77797 -44950
78708 -50976
60092 -25268
60076 -25112
57704 -25768
57820 -24006
60018 -24592
60029 -24613
61585 -29911
59994 -24623
76999 97397
76993 97378
76991 97363
76989 97130
77051 97802
77067 97737
-31291 -33324
37922 9291
48904 -5648
59581 -24889
60376 -26531
59908 -24543
59794 -25628
60005 -24615
86740 -56027
87037 -56541
60023 -24605
61645 -29513
65771 -43906
65814 -44288
61211 -22719
61272 -22664
61220 -22740
59624 -25139
79377 -54419
79352 -54400
60031 -24608
60032 -24612
65984 -33945
65869 -34406
60045 -24553
58084 -22731
61616 -21952
61740 -28781
59808 -25552
59808 -25552
59808 -25552
60459 -25798
59823 -25650
59823 -25650
59823 -25650
59823 -25655
59823 -25655
62460 -30831
61314 -26752
59823 -25655
59823 -25659
59823 -25659
59821 -25656
59808 -25585
59808 -25585
59808 -25585
59808 -25585
60045 -24099
61661 -29454
61663 -29407
61643 -29279
60110 -25278
60327 -25191
59808 -25585
59808 -25584
59826 -25655
59808 -25584
59808 -25584
59808 -25584
59808 -25584
59808 -25584
59808 -25584
59808 -25584
59808 -25584
59808 -25584
59808 -25584
59808 -25584
59821 -25656
60132 -25262
59821 -25651
59808 -25584
59808 -25584
59808 -25584
59808 -25584
59808 -25584
59808 -25584
59808 -25584
59808 -25584
59808 -25584
59808 -25584
59808 -25584
59808 -25584
59808 -25584
61693 -30451
59823 -25655
59823 -25650
59823 -25659
59821 -25656
59808 -25585
59808 -25584
59808 -25584
59808 -25584
59808 -25584
59808 -25584
59808 -25584
59853 -25610
8870 16429
-8765 -71515
-13582 -110181
111851 -35170
61677 -29432
61677 -29432
61677 -29432
61592 -29223
61598 -29406
119655 -66252
119655 -66252
114213 -92528
61692 -29361
60229 -24521
59796 -25638
59808 -25552
92683 -190931
92683 -190931
89782 -179459
89782 -179459
88107 -172047
88107 -172047
87201 -166798
60352 -25787
61760 -27391
61713 -28434
61677 -29394
61706 -29353
62006 -28855
61666 -29428
123404 -76289
123391 -76281
61666 -29487
61688 -29369
61648 -29419
61648 -29419
61603 -29474
61657 -29391
61646 -29482
61646 -29482
61632 -29512
61625 -29456
61679 -29413
61666 -29419
61670 -29420
59902 -25447
61672 -29432
62863 -29812
62868 -29816
62861 -29808
62859 -29804
62859 -29804
62863 -29802
62863 -29802
62866 -29806
61679 -29438
61648 -29345
59799 -25531
61655 -29409
59684 -25571
61663 -29432
123393 -76218
123442 -76285
123357 -76124
117963 -79758
123545 -76154
61666 -29432
43898 -174646
43889 -174620
61663 -29403
61657 -29435
59799 -25505
61677 -29369
61697 -29413
61663 -29410
59790 -25527
61661 -29398
61661 -29398
61666 -29439
61637 -29483
61688 -29392
62912 -29709
62868 -29812
61670 -29441
61659 -29411
59942 -25441
59830 -25616
61684 -29466
61688 -29393
95696 -19343
111840 -38202
112006 -37107
112866 -33696
112884 -33581
113114 -33081
123608 -75985
113951 -92813
114235 -92541
114220 -92520
114222 -92539
123396 -76199
123886 -74907
123270 -71759
113116 -33120
113132 -33117
109396 -38791
109436 -38730
109427 -38600
113002 -33079
113063 -33093
113054 -33090
61675 -29422
60289 -24124
61675 -29449
61916 -22554
61693 -29506
61697 -29337
59805 -25434
59774 -25588
59615 -24953
59620 -25200
59779 -25564
59801 -25581
61639 -29360
61672 -29399
61950 -29134
61979 -29118
61637 -29480
61701 -29467
61701 -29467
61688 -29410
61697 -29464
61659 -29497
61674 -29388
61668 -29410
59794 -25522
59801 -25563
61659 -29419
61666 -29369
61679 -29336
61666 -29358
61666 -29358
61686 -29372
61970 -29082
61981 -29088
59830 -25550
61668 -29400
61968 -29127
61972 -29103
61670 -29433
59803 -25561
59844 -25402
61742 -22382
61677 -29456
61663 -29408
61661 -29409
61666 -29332
61650 -29412
61654 -29430
59955 -25372
61663 -29429
59904 -25468
61677 -29435
59819 -25588
61661 -29413
61652 -29412
61650 -29322
61650 -29319
61657 -29391
59938 -25413
61742 -22437
61686 -29459
59763 -25542
60186 -25301
61735 -22231
61869 -21937
61849 -21980
59797 -25516
59834 -25617
59855 -25672
59861 -25713
59855 -25721
59846 -25602
59846 -25602
59808 -25541
59812 -25553
61690 -29381
112982 -33098
113510 -100431
124096 -78186
124107 -78174
113134 -33089
61679 -29406
59817 -25565
59805 -25591
61675 -29420
61661 -29420
59835 -25584
61677 -29418
112968 -33370
61672 -29426
65767 -38805
113119 -33098
61650 -29353
65773 -38783
61663 -29495
61677 -29362
113136 -33120
113128 -33108
109422 -38834
109398 -38838
113128 -33118
113127 -33107
123386 -76193
124022 -74821
113033 -33067
113006 -33165
61674 -29438
61666 -29460
61637 -29660
61636 -29271
72460 -13251
79603 -14951
113121 -33148
113089 -33092
113524 -100442
113515 -100453
110549 -96632
110549 -96631
123382 -76218
123386 -76211
119740 -66063
116040 -50465
61672 -29458
61822 -29390
67851 -20713
72917 -13598
113123 -33096
113065 -33110
111845 -35184
111856 -35195
113027 -33153
113139 -33104
109407 -38830
86641 -14874
61666 -29436
61675 -29429
-13477 -111298
-13185 -111814
-13609 -110998
-13615 -111007
-13606 -110103
-13589 -110171
-13615 -111272
-13436 -111320
-8711 -71806
-8713 -71836
8867 16402
8883 16392
61695 -29418
61664 -29395
61666 -29406
61681 -29397
61984 -29104
61977 -29108
60172 -24818
61661 -29417
59808 -25581
61632 -29441
60190 -24218
60090 -23529
61627 -29428
61675 -29375
61675 -29375
61719 -29442
61623 -29516
61674 -29410
60107 -26035
61675 -29382
62850 -29814
62841 -29689
61670 -29449
61975 -29101
113128 -33113
113132 -33098
113523 -100454
113524 -100431
113132 -33070
113121 -33086
61672 -29457
61668 -29410
59810 -25506
61751 -22383
61677 -29442
61674 -29382
59976 -25376
59808 -25516
61643 -29326
60228 -25005
59812 -25515
59812 -25563
61650 -29288
62982 -29780
74781 -64942
74925 -65737
62843 -29474
62828 -29564
61677 -29412
59810 -25579
61652 -29334
63873 -35520
74953 -65737
74913 -65680
61675 -29436
59808 -25593
61664 -29431
60061 -25346
61681 -29446
61668 -29437
113121 -33071
113114 -33071
61677 -29416
60242 -25505
61686 -29460
61663 -29411
59812 -25587
61672 -29438
113123 -33058
113114 -33072
61675 -29437
61666 -29382
61762 -29074
61648 -29451
59841 -25683
62017 -29060
59805 -25499
61666 -28909
59837 -25506
61690 -29419
113114 -33076
113136 -33104
113754 -33839
113116 -33080
109403 -38816
109400 -38813
113127 -33069
113123 -33070
113128 -33099
113118 -33077
123398 -76214
123405 -76221
113125 -33077
113105 -33082
61639 -29420
61668 -29428
59785 -25582
61674 -29406
61692 -29316
61668 -29413
59821 -25516
61659 -29420
59810 -25651
59875 -25500
59969 -25416
61646 -29423
59812 -25563
59796 -25591
59611 -25111
59622 -25171
59808 -25609
61648 -29450
61688 -29336
61648 -29495
60041 -25711
59852 -25620
59841 -25637
62339 -29365
61666 -29412
71092 -15317
61672 -29431
61688 -24465
61688 -24465
61887 -26809
61688 -29451
59835 -25534
60235 -25074
62308 -30232
61657 -29297
61654 -29295
61666 -29442
61983 -29120
61984 -29118
61974 -29098
113136 -33061
112991 -33119
123391 -76200
123366 -76229
113127 -33107
64025 -21684
61670 -29429
61675 -29435
73163 -122506
78600 -138157
94814 -232800
90778 -231275
83471 -233560
89377 -232329
62675 -57786
61999 -49652
63405 -38973
61715 -22190
59801 -25825
61663 -29413
61990 -29110
61984 -29082
61912 -29098
59864 -25604
59864 -25604
59853 -25619
59864 -25623
59882 -25697
59859 -25629
59790 -25630
59846 -25582
59810 -25585
61657 -29291
60121 -23722
60101 -23658
59971 -23753
60018 -23721
60101 -23633
60099 -23705
60242 -23776
60311 -23946
60300 -23923
60164 -23851
60141 -23853
61657 -29292
59810 -25561
61650 -29348
59803 -25580
61648 -29281
61668 -29431
61677 -29421
61663 -29382
61679 -29371
61686 -29310
60101 -25233
73514 -13097
113089 -33101
113114 -33023
113118 -33105
113125 -33061
113123 -33022
113116 -33060
123393 -76201
123389 -76218
61677 -29437
65903 -34508
65906 -34527
61661 -29412
61634 -29252
60255 -25061
59868 -25504
59801 -25571
60222 -25184
61666 -29410
61679 -29400
61708 -29278
61708 -29278
61663 -29422
61663 -29422
61666 -29410
61672 -29379
61612 -29542
61648 -29442
61670 -29408
61681 -29395
61677 -29416
60233 -25009
59812 -25572
61645 -29296
65151 -33141
65887 -34410
60434 -25795
61628 -29675
61668 -29402
61648 -29402
61666 -29417
61681 -29418
59797 -25572
60951 -26226
61672 -29401
61269 -29799
59808 -25582
61666 -29435
61661 -29485
61661 -29448
59763 -25713
59738 -25608
59808 -25579
61659 -29036
61681 -29407
61672 -29436
61681 -29429
61708 -22115
61599 -22093
61632 -22149
61641 -22230
61679 -29403
61670 -29425
113127 -33098
113123 -33086
113123 -33086
123389 -76369
123378 -76173
123387 -76258
123380 -76178
123393 -76259
123409 -76315
123366 -76189
123375 -76118
123386 -76198
123391 -76267
123400 -76226
94163 -130003
92166 -134769
92166 -134769
95412 -141644
83820 -230673
83921 -229964
95862 -143290
93014 -130058
123398 -76181
123386 -76225
113130 -33107
111520 -38467
61679 -29440
61672 -29418
60040 -25656
59806 -25560
59761 -24222
59785 -24250
59783 -24267
59769 -24744
59881 -25396
59801 -25566
61663 -29418
59799 -25587
61661 -29412
61650 -29361
59808 -25552
59803 -25565
60009 -23883
60005 -23857
59882 -25574
59808 -25552
59808 -25552
59808 -25552
59808 -25552
59808 -25552
59808 -25552
59808 -25552
59808 -25552
59808 -25552
59808 -25552
59799 -25609
61655 -29419
61592 -29523
61599 -29502
61659 -29433
61614 -29457
61668 -29392
61753 -22032
61623 -21950
59801 -25526
59808 -25552
59808 -25552
59803 -25564
61650 -29432
59792 -25601
59628 -25143
59617 -25202
59741 -25617
59808 -25552
59808 -25552
59808 -25552
59808 -25552
59808 -25552
59808 -25552
59808 -25552
59808 -25552
61616 -21952
59808 -25552
59808 -25552
59808 -25552
59808 -25557
59808 -25552
59808 -25552
59808 -25552
59816 -25572
59808 -25552
59808 -25552
59808 -25552
59792 -25568
61655 -29418
59808 -25552
59808 -25552
59808 -25552
59808 -25552
59808 -25552
59808 -25552
59808 -25552
59808 -25552
59808 -25552
59808 -25552
59776 -25594
59723 -25482
59696 -25430
59808 -25552
61639 -29367
61639 -29367
59774 -25582
59996 -25777
61652 -29442
59825 -25537
59785 -25573
59624 -25159
59622 -25185
59774 -25518
59808 -25552
59808 -25552
59767 -25554
59763 -25562
60305 -26238
61672 -29448
61708 -29354
61708 -29354
59808 -25552
59808 -25552
59808 -25552
59808 -25552
59635 -25188
59626 -25178
59637 -25153
59808 -25552
59808 -25552
59808 -25552
61740 -28781
61740 -28781
59817 -25397
59935 -25450
59805 -25545
59805 -25545
60045 -23466
60040 -23471
59805 -25545
59805 -25545
59805 -25545
59805 -25545
60126 -25646
60311 -25828
61677 -29439
61666 -29422
61979 -29131
61939 -29119
59805 -25545
59805 -25545
59805 -25545
59805 -25545
59805 -25545
59805 -25545
59805 -25545
59805 -25545
59805 -25545
59805 -25545
59808 -25552
61370 -26206
61637 -26507
59796 -25564
59801 -25602
59826 -25684
57938 -19476
56213 -21838
57907 -19500
57945 -19432
57927 -19361
57974 -19216
59799 -25582
59799 -25582
59799 -25582
59799 -25582
59799 -25582
59801 -25555
57925 -19480
57965 -19469
59797 -25568
59797 -25568
59861 -23927
59861 -23927
59797 -25568
59797 -25568
59797 -25568
59797 -25568
59797 -25568
59797 -25568
59797 -25568
61543 -28085
61824 -29309
61827 -29322
61816 -29345
61834 -29335
54802 -18947
61836 -29297
61560 -32894
67159 92752
67249 92640
59808 -25552
59808 -25552
59808 -25552
59808 -25552
61838 -29327
59808 -25552
61746 -28016
60099 -26006
58630 -19778
61858 -28616
61458 -17160
61849 -29295
59808 -25552
61466 -25669
59808 -25552
59808 -25552
61455 -17170
61834 -29201
61455 -17170
61840 -29272
61838 -29279
61838 -29254
61813 -29504
61867 -29167
61845 -29168
61851 -29397
59853 -25676
59835 -25623
61883 -28840
61384 -30462
61836 -29346
59846 -23949
59828 -25553
59888 -25720
61820 -29323
61838 -29319
61824 -29326
61833 -29305
61833 -29305
61831 -29250
61905 -29109
61966 -29129
59821 -25617
59792 -25575
59691 -24051
59662 -23995
59895 -24314
59684 -24012
59866 -24041
59801 -25555
60175 -23711
60110 -23712
58053 -20172
59799 -25582
60425 -25572
32318 -25521
39316 -27513
59812 -25619
60361 -24521
60379 -24514
59808 -25552
61910 -22654
61963 -22613
62060 -22538
62071 -22531
61892 -22744
60430 -24383
60490 -24478
60224 -24653
60220 -24693
60501 -24427
60831 -24153
60918 -24071
60943 -24036
60725 -24487
69635 -24080
69642 -24183
68764 -26276
68764 -26276
68889 -25907
69017 -25589
69180 -25045
69326 -24664
69355 -24589
69621 -24176
69621 -24176
60712 -24494
60732 -24481
61126 -24426
61108 -24449
60949 -24025
60479 -24455
60723 -24010
60199 -24620
60533 -24959
60464 -24542
60461 -24495
60446 -24530
60455 -24668
60416 -24632
60508 -24446
60441 -24546
60428 -24549
60401 -24577
60918 -23695
60468 -24423
60374 -24530
61757 -22835
61901 -22757
61892 -22666
60412 -24571
60383 -24502
60397 -24548
60394 -24599
59792 -25628
59794 -25657
68786 -32967
59808 -25552
60107 -23851
61932 -30590
61921 -30620
61914 -30673
61945 -30601
61916 -30619
59808 -25585
60107 -23851
59808 -25585
61932 -30591
61914 -30675
61914 -30675
61916 -30620
60374 -25579
60374 -25579
60374 -25579
60374 -25579
60374 -25579
60374 -25579
60374 -25579
60394 -25534
60374 -25545
59808 -25552
59808 -25552
59808 -25552
64139 -15636
59808 -25552
59808 -25552
59853 -25678
59853 -25678
59853 -25678
59853 -25678
59879 -25683
59873 -25690
59788 -25602
59828 -25621
59808 -25552
59808 -25552
59863 -25649
59808 -25552
59808 -25552
59808 -25552
59808 -25552
59808 -25552
59808 -25552
59808 -25552
59808 -25552
59808 -25552
59808 -25552
59808 -25552
59808 -25552
61923 -30602
61963 -30574
61928 -30608
59785 -25720
61928 -30544
60327 -25347
60087 -23770
61919 -30593
61930 -30585
61916 -30611
61928 -30604
61937 -30590
61928 -30573
60358 -25474
60358 -25474
61948 -30602
59967 -25243
60360 -25660
60396 -25460
61905 -30620
61910 -30642
61930 -30586
61930 -30593
61930 -30604
61910 -30602
61927 -30596
61923 -30593
61932 -30648
61903 -30602
60374 -25485
59806 -25561
59711 -27280
59821 -25299
59841 -25596
59698 -27743
-93688 -219338
59711 -27226
59808 -25552
-93818 -219122
-93614 -219750
-93966 -181513
-93652 -219382
60363 -24880
60369 -24902
60358 -24869
43851 -174738
59915 -23329
59915 -23328
59817 -23515
59725 -23631
59705 -23659
59828 -25597
59866 -25682
59496 -26004
61372 -29763
61307 -29798
61299 -30311
61272 -29634
61299 -29394
60401 -25522
60396 -25564
60280 -23727
60280 -23727
63358 -61745
43815 -174731
43840 -174781
61312 -30406
58030 -23460
59530 -23982
59626 -26427
59626 -26404
59629 -26413
59808 -25552
59863 -25775
59861 -25767
-93807 -181596
-93581 -181628
-93553 -181680
-93545 -181634
-93569 -181717
-93115 -181504
-93140 -181494
-93171 -181476
-58230 -66259
-53674 -55349
57849 -23431
57959 -23350
57959 -23348
60679 -28398
60634 -28351
60634 -28351
60135 -28003
60144 -27990
59638 -26282
59642 -26269
59736 -26260
59850 -25313
59852 -25328
59855 -25651
59855 -25651
60367 -26079
59846 -25619
60381 -26061
59825 -25687
61308 -30470
58075 -22913
61628 -22249
61652 -22271
61612 -22244
61565 -22229
61708 -22284
61851 -23042
61858 -23038
59902 -25300
52346 -126458
61663 -26587
61469 -25300
61489 -25373
61572 -25339
61487 -25317
61480 -25324
61482 -25331
61500 -25309
61469 -25315
61455 -25332
61560 -25459
61448 -25308
60370 -24865
59868 -25684
60376 -25461
60405 -25524
59902 -25525
46542 -168803
46513 -168940
43898 -174678
60481 -25872
59844 -25667
60383 -25638
60390 -25542
59873 -25760
60426 -25328
62172 -30956
59808 -25552
59808 -25552
59790 -25609
61916 -29264
60347 -25463
59808 -25552
59823 -25343
59808 -25552
61941 -30605
59808 -25552
61887 -30553
59808 -25552
61928 -30596
61925 -30601
61852 -29279
61901 -30626
61934 -30631
59866 -25278
59808 -25552
59808 -25552
61889 -29398
61889 -29383
59855 -25587
59808 -25552
59808 -25552
61867 -22994
61818 -25714
61804 -26470
62017 -30698
61375 -18617
61415 -18490
61430 -18431
61265 -18572
61274 -18608
61278 -18581
61269 -18580
61272 -18578
61251 -18562
61247 -18546
61932 -18533
61932 -18541
61932 -18526
61930 -18524
61930 -18523
61934 -18523
61912 -30570
59810 -25527
61954 -18513
61950 -18522
61946 -18527
59808 -25552
59808 -25552
60759 -21903
60732 -22441
60101 -24032
60143 -23964
61894 -30605
62832 -29791
62503 -30595
62505 -30606
59937 -25204
59902 -25234
60141 -25252
60202 -24924
59808 -25552
61943 -18534
61948 -18547
61921 -30592
60457 -26016
60412 -25906
61769 -28356
61758 -28343
61887 -30642
59839 -25347
59868 -25559
60197 -24097
60108 -24027
60135 -24039
59669 -25315
59687 -25448
59696 -25484
59709 -25525
59718 -25562
59808 -25552
59808 -25552
59908 -25469
59933 -25433
60036 -24887
59830 -25591
60090 -23902
61887 -30611
61889 -30611
59808 -25552
60101 -24390
60658 -22767
61460 -18718
61460 -18718
61921 -30609
61937 -30618
61937 -30618
61903 -18476
60101 -24398
61934 -18509
61198 -26532
59971 -25269
60050 -24964
61914 -18525
60049 -23464
60370 -25491
59805 -25563
59796 -25566
62525 -30693
61889 -30613
60649 -25981
59834 -25374
62030 -29010
60157 -24134
60065 -24002
60101 -24044
60081 -24029
60081 -24052
59866 -25560
59796 -25655
61975 -30648
62080 -30778
62418 -30920
59823 -25545
61903 -30634
61896 -18507
60014 -23508
62082 -30780
60220 -25153
59850 -25634
61892 -30618
61914 -30490
61896 -30505
62051 -30740
59230 -22003
59208 -21981
62892 -30039
59806 -25570
60392 -25381
59808 -25568
60369 -25452
60370 -25512
59783 -25510
61890 -18637
60007 -23884
59763 -25594
61908 -30633
61903 -30620
59808 -25546
59888 -25237
59806 -25557
61477 -18691
61457 -18676
61458 -18716
61907 -30623
61856 -23017
62266 -30968
61921 -30595
59792 -25556
59808 -25571
61916 -30377
61912 -30613
61482 -18702
61912 -30637
60452 -25812
59866 -25270
59828 -25402
59830 -25544
62252 -29917
61916 -30612
61666 -28788
61930 -30583
59797 -25583
61863 -29338
61863 -29338
61914 -30583
61912 -30574
